   2.0658746e+00
   2.3684087e+00
   2.5311121e+00
   2.5420804e+00
   2.5410710e+00
   2.7866882e+00
   2.1996825e+00
   3.0356270e+00
   3.9946616e+00
   3.9582381e+00
   3.3275144e+00
   3.3713965e+00
   3.4922006e+00
   3.4295823e+00
   3.5395732e+00
   3.6313002e+00
   3.6732537e+00
   3.1256462e+00
   4.0418646e+00
   4.2483348e+00
   4.3440052e+00
   4.3826539e+00
   4.4230602e+00
   4.6902443e+00
   4.6889983e+00
   4.1777333e+00
   5.0351167e+00
   5.0684536e+00
   5.4969419e+00
   5.4315623e+00
   5.4563207e+00
   5.5618458e+00
   5.6095721e+00
   5.6877697e+00
   5.7295602e+00
   5.8538194e+00
   6.9178026e+00
   6.3590149e+00
   6.4717033e+00
   6.7383719e+00
   6.8637686e+00
   7.0223387e+00
   7.0782373e+00
   7.9594232e+00
   7.4664023e+00
   7.5173874e+00
   7.7440797e+00
   7.7721662e+00
   7.8264594e+00
   7.1306356e+00
