   7.7912986e-01
   9.1596757e-01
   9.0532354e-01
   9.0566132e-01
   9.3292290e-01
   9.6624740e-01
   9.6436284e-01
   9.1445939e-01
   9.3933944e-01
   9.6074971e-01
   2.9237094e-01
   9.1809739e-01
   9.4832499e-01
   9.6684572e-01
   1.0586500e+00
   1.0143791e+00
   9.5969486e-01
   9.6253716e-01
   1.0766065e+00
   1.1454972e+00
   1.0340685e+00
   1.0070009e+00
   9.6623642e-01
   1.0295919e+00
   1.0634468e+00
   1.1837839e+00
   1.0383374e+00
   1.0274458e+00
   1.0708922e+00
   1.1606493e+00
   1.0772037e+00
   1.1069752e+00
   1.0971275e+00
   1.1642603e+00
   1.1411796e+00
   1.0244156e+00
   1.1858493e+00
   1.1162341e+00
   1.1970729e+00
   1.8069468e+00
   1.1851046e+00
   1.1835678e+00
   1.8138289e+00
   1.8588658e+00
   1.8497065e+00
   1.1799706e+00
   1.1297899e+00
   1.3089934e+00
   1.8601134e+00
   1.8568867e+00
