0 563 1
0 49 1
0 742 1
0 1763 1
0 1867 1
0 84 1
0 1815 1
0 74 1
0 138 1
0 776 1
0 1276 1
0 199 1
0 351 1
0 44 1
0 18 2
0 350 1
0 1130 1
0 1638 1
0 512 1
1 158 1
1 34 5
1 96 1
1 1480 1
1 976 2
1 726 1
1 293 2
1 102 2
1 1794 1
1 2289 3
1 1548 1
2 558 1
2 126 6
2 275 1
2 205 1
2 117 1
2 564 1
2 678 1
2 1887 1
2 976 2
2 2006 4
2 365 1
2 15 1
2 1186 1
2 296 1
2 646 1
2 83 1
2 1468 1
2 1137 1
2 1281 1
2 601 1
2 937 1
2 9 2
2 1530 1
2 670 1
2 34 15
2 10 1
2 451 3
2 1080 1
2 437 1
2 293 4
2 1441 1
2 1457 1
2 1548 4
2 2436 1
2 888 2
2 563 2
2 49 1
2 96 1
2 1543 1
2 225 1
2 796 1
2 55 1
2 392 1
2 75 2
2 18 2
2 1782 2
2 292 1
2 273 1
2 2129 1
2 1529 1
2 67 1
2 793 1
2 681 1
2 2289 2
2 1154 2
2 862 1
2 302 1
2 2231 1
2 267 1
2 1467 2
2 68 1
2 177 1
2 495 2
2 1322 1
2 403 3
2 515 3
2 1642 1
2 2003 2
2 1373 1
2 1347 1
2 12 1
2 798 1
2 95 1
2 125 2
2 1777 1
2 1532 1
2 389 1
2 815 1
2 3 1
2 264 1
2 1117 1
2 1483 1
2 269 2
2 573 3
2 241 1
3 523 1
3 117 1
3 2442 3
3 2029 1
3 1240 1
3 409 1
3 457 1
3 30 1
3 34 6
3 346 1
3 359 3
3 421 1
3 11 1
3 152 1
3 822 1
3 53 4
3 832 1
3 69 1
3 240 1
3 1957 2
3 640 1
3 2203 1
3 146 2
3 1123 1
3 227 2
3 217 1
3 68 4
3 391 1
3 489 2
3 720 1
3 1817 1
3 1464 1
3 643 2
3 460 1
3 486 4
3 635 1
3 815 1
3 159 1
4 192 1
4 2423 1
4 1192 1
4 276 2
4 102 1
4 9 1
4 1284 1
4 341 1
4 47 1
4 1055 1
4 609 2
4 1924 1
4 2428 1
4 152 1
4 648 3
4 1008 1
4 923 1
4 1814 1
4 1118 1
4 2459 1
4 580 1
4 277 1
4 1861 1
4 130 3
4 951 1
4 1343 1
4 300 1
4 561 1
4 7 1
4 809 1
5 15 1
5 173 1
5 662 1
5 80 1
5 1339 1
5 894 1
5 344 1
5 313 1
5 3 1
6 2142 2
6 537 1
6 31 2
6 454 6
6 1025 1
6 1900 1
6 784 1
6 805 1
6 328 2
6 608 1
6 962 2
6 239 2
6 26 1
6 834 1
6 230 1
6 2415 1
6 108 1
6 200 1
6 378 1
6 1982 1
6 979 1
6 1034 1
6 10 2
6 2452 3
6 491 2
6 1418 1
6 340 1
6 173 2
6 480 3
6 105 1
6 724 1
6 132 1
6 512 1
6 557 3
6 683 1
6 907 1
6 51 4
6 80 2
6 656 1
6 100 1
6 283 2
6 370 3
6 1189 1
6 658 3
6 769 2
6 2058 2
6 1140 1
6 569 1
6 1109 1
6 1484 1
6 146 1
6 127 1
6 332 1
6 309 1
6 748 1
6 1147 1
6 2097 1
6 1463 1
6 593 1
6 800 1
6 120 3
6 1850 1
6 1512 1
6 493 5
6 1751 1
6 387 2
6 732 1
6 1341 1
6 37 1
6 366 1
6 651 1
6 295 2
6 168 1
6 371 1
6 170 1
7 383 1
7 126 1
7 742 1
7 2257 1
7 117 1
7 1345 1
7 1456 1
7 1554 8
7 722 1
7 1487 1
7 323 3
7 1672 1
7 917 1
7 229 1
7 108 1
7 2148 1
7 30 1
7 1668 1
7 10 1
7 346 1
7 504 1
7 396 2
7 173 1
7 122 1
7 148 2
7 202 1
7 220 1
7 290 1
7 11 1
7 1212 1
7 392 3
7 431 1
7 44 1
7 65 1
7 1864 1
7 1452 1
7 1271 1
7 246 1
7 2060 1
7 518 1
7 240 1
7 916 1
7 792 4
7 87 1
7 99 1
7 221 1
7 709 1
7 380 1
7 1077 1
7 134 1
7 253 1
7 177 1
7 222 1
7 1948 1
7 1478 1
7 21 1
7 463 1
7 825 1
7 829 1
7 971 1
7 652 1
7 2247 1
7 781 1
7 325 1
7 1514 1
7 46 2
7 7 1
7 3 1
7 567 1
7 163 1
7 168 1
7 1592 1
7 697 2
8 31 1
8 89 1
8 2198 1
8 619 1
8 6 1
8 1345 1
8 287 1
8 1319 1
8 1331 1
8 43 1
8 73 1
8 193 1
8 102 2
8 1786 1
8 1034 1
8 1181 1
8 10 2
8 1057 1
8 141 1
8 294 1
8 346 1
8 540 1
8 28 1
8 1302 1
8 303 1
8 853 1
8 1873 1
8 311 1
8 1076 1
8 1299 1
8 18 1
8 370 1
8 1189 1
8 468 1
8 337 1
8 127 1
8 24 1
8 465 1
8 1158 1
8 82 1
8 39 2
8 417 1
8 249 1
8 748 1
8 201 1
8 914 1
8 123 1
8 1324 1
8 130 1
8 1059 4
8 78 1
8 863 2
8 970 1
8 22 1
8 2213 5
8 602 1
9 1676 1
9 126 1
9 678 3
9 385 1
9 287 2
9 406 1
9 71 1
9 189 1
9 232 4
9 181 1
9 1223 1
9 600 1
9 102 2
9 1265 1
9 265 2
9 346 4
9 340 3
9 928 1
9 173 1
9 105 1
9 274 1
9 202 1
9 209 1
9 1873 1
9 428 1
9 1173 1
9 59 1
9 1076 1
9 55 1
9 65 1
9 203 1
9 1 1
9 547 2
9 221 1
9 146 3
9 302 1
9 191 1
9 589 1
9 235 3
9 894 1
9 134 2
9 223 1
9 130 1
9 121 1
9 616 1
9 951 1
9 45 2
9 1890 1
9 158 1
9 693 1
9 485 1
9 3 9
9 831 2
9 618 4
10 275 1
10 786 1
10 181 1
10 2375 1
10 535 1
10 601 1
10 670 1
10 1180 1
10 28 2
10 690 1
10 246 1
10 305 1
10 488 1
10 468 1
10 566 1
10 127 1
10 660 1
10 661 1
10 1156 1
10 1059 1
10 22 1
10 2213 1
10 84 1
10 175 1
10 37 1
10 3 1
10 497 1
11 199 1
11 2171 1
11 102 1
11 173 1
11 105 1
11 196 1
11 707 1
11 1158 1
11 13 1
11 190 1
11 1689 1
11 45 1
11 37 1
11 3 1
12 62 1
12 1124 1
12 1234 1
12 511 1
12 276 1
12 102 2
12 2236 1
12 346 1
12 274 1
12 662 1
12 49 1
12 290 1
12 2428 1
12 1873 1
12 2463 1
12 2118 1
12 401 1
12 574 1
12 304 1
12 235 1
12 757 1
12 593 1
12 45 2
12 2371 1
12 2213 1
12 950 1
12 1033 1
12 325 1
12 1621 1
12 3 3
13 275 1
13 679 1
13 722 1
13 1192 1
13 102 1
13 752 2
13 1549 1
13 826 1
13 207 1
13 346 1
13 202 1
13 63 1
13 1537 1
13 51 1
13 203 1
13 910 1
13 99 1
13 127 2
13 2381 1
13 425 1
13 1562 1
14 2041 1
14 126 1
14 62 1
14 1539 1
14 427 1
14 619 1
14 6 3
14 287 1
14 722 1
14 531 1
14 1351 1
14 766 2
14 73 1
14 239 1
14 181 1
14 193 2
14 298 1
14 230 1
14 162 2
14 108 3
14 102 1
14 1696 1
14 1211 1
14 150 1
14 752 1
14 10 2
14 510 1
14 1882 1
14 106 1
14 359 1
14 396 1
14 1617 1
14 768 2
14 2443 1
14 274 2
14 982 1
14 662 1
14 28 1
14 1524 1
14 349 1
14 196 1
14 2430 1
14 1207 1
14 968 1
14 11 1
14 80 2
14 51 5
14 796 1
14 529 1
14 100 1
14 44 2
14 506 1
14 259 1
14 902 1
14 909 1
14 203 1
14 1189 1
14 345 1
14 16 1
14 468 1
14 2424 1
14 813 1
14 326 1
14 574 1
14 1245 1
14 1280 1
14 731 2
14 127 7
14 285 1
14 155 1
14 39 1
14 279 1
14 302 1
14 748 2
14 235 1
14 847 2
14 855 1
14 267 1
14 183 1
14 111 1
14 190 1
14 1130 1
14 1516 1
14 270 1
14 103 1
14 52 1
14 411 1
14 1069 4
14 244 1
14 2031 1
14 120 1
14 153 1
14 951 1
14 753 1
14 45 2
14 1202 1
14 2479 1
14 95 1
14 924 1
14 781 1
14 517 1
14 325 3
14 50 1
14 145 1
14 424 1
14 1098 1
14 37 1
14 264 1
14 735 2
14 1790 1
15 385 1
15 199 1
15 15 1
15 181 2
15 312 1
15 1544 1
15 491 2
15 1095 1
15 656 1
15 408 1
15 44 2
15 2446 1
15 1640 1
15 1120 1
15 486 1
15 95 1
15 387 2
15 7 1
15 366 2
15 3 1
16 2142 1
16 1768 1
16 126 3
16 659 2
16 2179 4
16 205 1
16 679 1
16 830 1
16 192 1
16 406 1
16 199 1
16 820 1
16 608 1
16 239 1
16 232 1
16 181 7
16 918 1
16 298 1
16 1563 1
16 312 1
16 108 1
16 921 1
16 2210 2
16 979 1
16 842 1
16 10 1
16 1349 1
16 1825 2
16 491 1
16 77 1
16 47 2
16 1095 1
16 888 1
16 209 5
16 730 1
16 907 1
16 430 1
16 336 1
16 55 2
16 53 1
16 1029 1
16 370 1
16 66 1
16 518 3
16 1078 1
16 138 1
16 401 1
16 906 2
16 1791 2
16 2260 1
16 1815 1
16 217 1
16 2141 1
16 595 1
16 686 2
16 2097 1
16 1628 2
16 411 1
16 961 1
16 755 2
16 1059 1
16 953 1
16 281 1
16 266 1
16 616 1
16 153 1
16 2482 1
16 45 1
16 351 1
16 22 1
16 2479 3
16 971 1
16 472 1
16 693 1
16 635 1
16 84 3
16 1823 1
16 37 1
16 1942 3
16 195 3
17 178 1
17 102 2
17 10 1
17 346 1
17 393 1
17 47 1
17 1524 1
17 591 1
17 907 1
17 228 1
17 1040 1
17 707 1
17 285 1
17 748 1
17 235 3
17 248 1
17 111 1
17 318 2
17 1508 1
17 495 1
17 139 1
17 120 1
17 984 1
17 5 1
17 184 1
17 1036 1
17 3 1
17 295 1
17 1378 1
18 199 1
18 2060 1
18 138 1
18 1194 1
18 1411 1
18 27 1
18 757 1
18 894 1
18 12 2
19 427 1
19 199 1
19 533 1
19 114 1
19 106 1
19 359 1
19 1548 1
19 49 2
19 63 4
19 51 1
19 44 2
19 345 1
19 128 1
19 1411 1
19 855 1
19 111 1
19 52 1
19 753 1
19 22 1
19 12 2
19 1485 1
19 1016 1
20 390 1
20 620 1
20 1345 2
20 192 1
20 199 1
20 579 1
20 842 1
20 2153 1
20 28 1
20 49 2
20 220 1
20 18 3
20 1961 1
20 916 1
20 352 1
20 1336 1
20 267 1
20 134 1
20 1059 2
20 45 2
20 2213 3
20 1417 1
20 568 1
20 1541 1
21 684 1
21 62 2
21 454 4
21 2130 2
21 797 1
21 2163 2
21 242 1
21 2432 1
21 10 1
21 474 1
21 2422 1
21 105 1
21 122 1
21 49 1
21 220 1
21 1193 1
21 1993 1
21 75 1
21 2166 1
21 69 1
21 16 1
21 27 1
21 991 1
21 119 1
21 1209 1
21 617 1
21 235 1
21 705 1
21 171 1
21 177 3
21 149 1
21 78 1
21 153 1
21 363 1
21 8 2
21 715 1
21 208 2
21 2410 1
21 195 1
22 390 1
22 126 1
22 62 1
22 287 1
22 199 1
22 1166 1
22 2107 3
22 878 1
22 10 1
22 1080 1
22 105 1
22 213 1
22 274 1
22 28 2
22 49 2
22 100 1
22 1001 1
22 502 2
22 138 1
22 2071 1
22 943 5
22 1411 1
22 119 1
22 39 2
22 894 1
22 1502 1
22 1348 1
22 177 1
22 1915 1
22 153 1
22 460 1
22 175 1
22 168 1
22 697 4
23 328 1
23 26 1
23 535 1
23 461 2
23 9 1
23 900 1
23 34 1
23 341 1
23 773 1
23 1339 1
23 185 1
23 661 1
23 74 1
23 223 1
23 120 1
23 950 1
23 2262 1
23 424 1
23 607 4
23 704 1
24 558 1
24 31 4
24 275 1
24 70 1
24 564 1
24 1345 4
24 766 1
24 15 1
24 1192 1
24 1223 1
24 450 1
24 845 2
24 848 21
24 10 3
24 2066 1
24 510 1
24 694 1
24 2270 1
24 727 2
24 2160 1
24 2153 1
24 1302 1
24 377 1
24 888 1
24 349 1
24 1653 1
24 571 2
24 113 1
24 428 1
24 14 2
24 430 1
24 336 1
24 647 1
24 72 3
24 981 3
24 66 2
24 811 1
24 197 1
24 1471 1
24 916 1
24 1058 1
24 494 1
24 547 1
24 938 1
24 1079 1
24 1791 2
24 417 1
24 272 1
24 932 2
24 217 1
24 347 1
24 1176 1
24 1188 1
24 144 1
24 177 2
24 139 1
24 1875 1
24 103 1
24 1899 2
24 130 1
24 1478 1
24 501 2
24 153 2
24 1915 1
24 829 1
24 970 2
24 753 1
24 22 5
24 363 2
24 746 1
24 485 2
24 554 1
24 975 1
24 685 1
24 20 1
24 678 1
24 679 1
24 287 2
24 118 1
24 73 1
24 239 1
24 1754 1
24 229 1
24 298 1
24 114 1
24 446 1
24 102 1
24 200 1
24 1606 1
24 378 1
24 151 3
24 341 1
24 578 2
24 1893 1
24 106 2
24 700 1
24 213 2
24 1798 2
24 421 1
24 952 1
24 562 2
24 63 2
24 96 1
24 730 1
24 687 7
24 656 2
24 44 2
24 228 3
24 909 1
24 692 1
24 1533 1
24 2046 1
24 337 1
24 299 1
24 24 1
24 483 1
24 1035 2
24 1264 1
24 1384 1
24 1364 1
24 2346 2
24 327 1
24 1905 1
24 1402 1
24 561 2
24 693 2
24 435 1
24 35 1
24 517 2
24 471 1
24 361 1
24 651 1
24 316 1
24 295 1
24 264 1
24 2101 1
24 383 1
24 397 1
24 835 1
24 2033 1
24 2173 1
24 954 1
24 406 5
24 199 1
24 1025 3
24 328 19
24 26 1
24 2278 1
24 666 1
24 2330 1
24 94 1
24 399 1
24 918 2
24 600 1
24 2107 1
24 108 2
24 242 1
24 1010 1
24 150 1
24 528 3
24 342 2
24 2146 1
24 77 1
24 105 4
24 1180 1
24 982 3
24 274 2
24 156 1
24 64 2
24 514 1
24 137 1
24 80 2
24 907 1
24 1066 1
24 370 4
24 203 2
24 1078 1
24 345 6
24 1411 1
24 1209 1
24 894 1
24 748 1
24 267 1
24 855 1
24 111 1
24 914 1
24 318 2
24 223 1
24 186 1
24 645 1
24 78 1
24 351 1
24 125 1
24 425 1
24 541 2
24 368 5
24 1434 2
24 2420 1
24 208 1
24 1416 1
24 1117 1
24 427 1
24 6 2
24 79 1
24 25 1
24 456 1
24 695 1
24 2496 1
24 1829 19
24 842 2
24 670 1
24 1181 1
24 1446 1
24 166 2
24 359 1
24 609 1
24 591 1
24 49 2
24 303 1
24 1075 3
24 481 1
24 65 1
24 292 1
24 1610 1
24 1325 1
24 321 1
24 681 1
24 1894 1
24 140 1
24 2408 1
24 29 1
24 908 1
24 1484 1
24 978 1
24 127 1
24 465 2
24 309 1
24 302 3
24 191 1
24 249 1
24 420 1
24 686 1
24 1322 1
24 52 1
24 1464 1
24 702 3
24 1436 1
24 317 2
24 1728 1
24 12 1
24 2479 1
24 950 1
24 331 1
24 2379 1
24 37 7
24 1216 1
24 3 2
25 31 2
25 275 1
25 897 1
25 83 1
25 56 1
25 193 1
25 1272 1
25 450 1
25 394 1
25 987 3
25 848 1
25 10 3
25 92 1
25 28 3
25 571 1
25 290 1
25 113 5
25 683 1
25 100 3
25 66 1
25 138 1
25 494 2
25 810 1
25 248 1
25 48 1
25 313 1
25 153 1
25 22 2
25 363 1
25 846 1
25 1014 1
25 97 1
25 1799 1
25 1016 1
25 678 1
25 192 1
25 409 2
25 73 2
25 333 1
25 1179 1
25 298 3
25 535 1
25 200 1
25 341 1
25 1055 1
25 86 1
25 1570 1
25 63 3
25 1559 4
25 40 1
25 311 1
25 259 1
25 2058 1
25 314 1
25 566 1
25 415 1
25 337 1
25 1914 1
25 837 2
25 379 1
25 285 1
25 119 2
25 869 1
25 1147 4
25 580 5
25 905 1
25 1364 1
25 121 2
25 142 1
25 45 2
25 1684 1
25 926 1
25 1850 1
25 1890 1
25 300 1
25 2290 1
25 2186 6
25 2301 1
25 517 1
25 168 1
25 477 1
25 1142 1
25 1676 1
25 2399 1
25 1319 1
25 199 1
25 1025 1
25 375 2
25 786 1
25 666 3
25 26 1
25 1442 1
25 160 1
25 94 1
25 581 1
25 1267 1
25 312 1
25 2375 1
25 242 1
25 467 1
25 412 1
25 763 1
25 105 2
25 1180 1
25 802 3
25 202 3
25 1207 1
25 1873 1
25 1212 3
25 80 2
25 1190 2
25 1198 2
25 2166 1
25 1078 2
25 2421 2
25 345 1
25 923 1
25 1867 1
25 759 8
25 894 1
25 267 2
25 1270 2
25 351 1
25 486 1
25 1033 1
25 576 1
25 175 1
25 1768 1
25 1859 2
25 2115 1
25 2471 1
25 98 1
25 456 1
25 263 6
25 1121 1
25 2498 2
25 276 1
25 461 1
25 1769 1
25 1526 4
25 166 1
25 47 1
25 513 1
25 609 1
25 1604 1
25 132 1
25 512 2
25 303 4
25 55 2
25 18 2
25 1150 1
25 53 1
25 468 1
25 352 1
25 1008 1
25 1158 1
25 74 1
25 1229 5
25 686 1
25 1404 1
25 2497 1
25 940 1
25 950 2
25 2 4
25 2328 3
25 3 19
25 744 1
25 241 1
26 126 2
26 1849 2
26 766 1
26 1542 1
26 633 2
26 577 22
26 28 21
26 381 4
26 72 1
26 1027 4
26 1189 1
26 916 1
26 547 2
26 1245 1
26 810 1
26 235 1
26 705 2
26 360 4
26 134 1
26 2255 2
26 130 3
26 992 2
26 95 1
26 554 1
26 7 19
26 366 1
26 1633 3
26 620 1
26 192 2
26 179 8
26 646 1
26 1440 2
26 60 1
26 1925 2
26 298 1
26 102 1
26 535 1
26 112 4
26 1825 1
26 341 4
26 90 1
26 86 2
26 76 1
26 96 2
26 40 1
26 11 3
26 44 2
26 67 3
26 99 6
26 221 11
26 24 4
26 253 1
26 2253 1
26 327 1
26 776 2
26 812 1
26 1698 1
26 1072 2
26 1303 2
26 815 1
26 455 1
26 2410 4
26 397 1
26 1699 1
26 385 1
26 444 2
26 17 18
26 365 2
26 608 1
26 1560 2
26 105 1
26 1095 1
26 1548 2
26 320 1
26 1073 1
26 185 2
26 707 1
26 2351 4
26 755 1
26 1581 1
26 2102 6
26 2220 1
26 371 1
26 32 4
26 1558 2
26 79 1
26 1672 1
26 9 2
26 691 1
26 132 3
26 512 1
26 148 1
26 630 1
26 1945 1
26 292 2
26 352 2
26 140 1
26 27 2
26 74 12
26 500 1
26 214 6
26 817 1
26 244 1
26 12 4
26 1513 1
26 355 1
26 3 3
26 33 12
27 1403 1
27 162 2
27 1805 2
27 10 1
27 727 1
27 225 1
27 428 1
27 152 1
27 1505 1
27 138 2
27 326 1
27 943 1
27 661 2
27 1771 1
27 13 1
27 984 1
27 95 1
27 1014 1
27 1047 9
27 1483 1
27 192 1
27 459 1
27 118 1
27 243 1
27 1440 1
27 245 2
27 298 1
27 2023 1
27 188 3
27 1528 1
27 341 1
27 265 2
27 86 1
27 173 1
27 1798 1
27 563 1
27 11 1
27 51 1
27 1755 1
27 1035 1
27 1383 1
27 2241 1
27 2077 1
27 238 2
27 234 1
27 1417 1
27 316 1
27 1541 1
27 385 2
27 2337 1
27 1006 1
27 108 1
27 887 1
27 342 3
27 699 1
27 77 1
27 64 1
27 196 1
27 1730 3
27 1413 1
27 723 1
27 910 1
27 16 4
27 676 2
27 2191 1
27 707 1
27 146 1
27 748 1
27 894 1
27 1290 1
27 1833 1
27 951 1
27 493 1
27 175 2
27 955 1
27 371 1
27 1539 2
27 1660 1
27 820 1
27 276 1
27 91 1
27 937 2
27 413 1
27 461 2
27 990 1
27 166 2
27 55 3
27 65 1
27 1029 1
27 548 1
27 469 1
27 468 1
27 352 1
27 29 1
27 140 1
27 1038 1
27 127 1
27 465 1
27 74 1
27 449 1
27 959 1
27 1225 1
27 266 1
27 317 1
27 12 1
27 84 2
27 1646 1
27 2 1
27 37 2
27 3 1
27 1479 1
27 538 1
27 195 1
28 531 1
28 797 1
28 15 1
28 1108 1
28 10 2
28 1295 3
28 100 1
28 66 1
28 1321 1
28 417 1
28 235 1
28 626 1
28 1758 2
28 153 2
28 1885 1
28 854 1
28 678 1
28 192 1
28 173 3
28 63 1
28 44 1
28 1635 1
28 314 1
28 505 2
28 299 2
28 119 1
28 606 1
28 121 1
28 142 1
28 2267 1
28 607 1
28 1734 1
28 199 1
28 2337 1
28 581 1
28 2107 4
28 986 1
28 454 2
28 25 1
28 71 1
28 842 1
28 624 2
28 617 3
28 686 1
28 2331 1
28 2297 1
28 270 1
28 2 2
28 184 1
28 831 1
29 31 1
29 117 1
29 1673 1
29 1049 1
29 15 1
29 920 4
29 232 1
29 436 2
29 367 1
29 162 1
29 174 1
29 207 2
29 92 1
29 28 7
29 2436 1
29 349 1
29 683 1
29 647 1
29 75 1
29 832 1
29 811 1
29 1189 1
29 240 2
29 925 1
29 738 1
29 217 1
29 183 1
29 134 1
29 2380 2
29 48 1
29 23 3
29 130 3
29 1202 1
29 158 1
29 325 1
29 1632 1
29 1461 1
29 680 1
29 7 4
29 697 2
29 1866 1
29 452 1
29 879 1
29 439 1
29 429 1
29 341 1
29 340 1
29 1239 1
29 38 1
29 656 1
29 401 1
29 221 1
29 803 1
29 1414 1
29 869 3
29 380 1
29 391 1
29 327 1
29 41 7
29 815 2
29 747 1
29 316 1
29 168 3
29 784 1
29 124 1
29 43 1
29 1389 1
29 26 1
29 189 1
29 94 1
29 918 1
29 717 1
29 77 1
29 1664 1
29 59 1
29 1 1
29 2491 1
29 227 1
29 1141 1
29 862 1
29 403 1
29 1081 1
29 616 1
29 125 2
29 541 1
29 1304 1
29 1405 1
29 2406 1
29 1237 1
29 599 1
29 226 2
29 79 2
29 25 1
29 71 1
29 1936 1
29 1872 1
29 276 1
29 9 1
29 224 1
29 262 2
29 928 1
29 609 1
29 662 1
29 148 2
29 49 2
29 209 1
29 1518 1
29 481 1
29 172 1
29 65 2
29 53 1
29 1275 1
29 87 3
29 29 1
29 708 1
29 500 6
29 1225 1
29 1464 2
29 702 1
29 353 1
29 971 1
29 950 1
29 110 1
29 424 2
29 1739 2
29 3 7
29 241 1
30 1049 1
30 559 1
30 232 2
30 450 1
30 28 1
30 152 2
30 336 1
30 793 1
30 235 1
30 217 1
30 13 1
30 818 2
30 2255 2
30 130 2
30 703 1
30 7 2
30 678 1
30 452 1
30 1146 1
30 1201 5
30 1570 1
30 220 1
30 96 1
30 2222 1
30 67 1
30 760 1
30 221 1
30 1120 1
30 2425 1
30 1493 1
30 776 1
30 168 1
30 312 1
30 342 1
30 64 1
30 728 1
30 16 1
30 71 1
30 603 1
30 1509 1
30 513 1
30 2422 1
30 49 1
30 509 1
30 65 2
30 966 1
30 978 3
30 270 1
30 8 1
30 3 3
30 2055 1
31 205 1
31 101 1
31 15 1
31 232 6
31 10 1
31 28 4
31 2428 1
31 152 1
31 336 2
31 272 1
31 217 2
31 13 1
31 818 2
31 1818 1
31 130 1
31 984 1
31 95 1
31 7 3
31 334 1
31 1716 1
31 522 1
31 1201 1
31 239 2
31 229 2
31 341 1
31 578 1
31 220 4
31 228 1
31 44 1
31 404 1
31 637 1
31 0 1
31 1914 1
31 379 1
31 221 1
31 285 1
31 1120 1
31 2425 1
31 391 1
31 1084 1
31 776 2
31 142 1
31 234 1
31 629 1
31 50 1
31 316 1
31 2219 1
31 397 1
31 385 1
31 43 1
31 271 1
31 713 1
31 312 1
31 1626 3
31 1837 1
31 431 1
31 1 1
31 16 2
31 1589 6
31 116 1
31 2277 1
31 98 1
31 181 1
31 1595 1
31 9 1
31 1131 1
31 513 1
31 662 1
31 724 1
31 132 1
31 49 1
31 762 1
31 1286 2
31 165 1
31 634 1
31 352 1
31 978 8
31 465 1
31 74 2
31 1336 1
31 1706 1
31 542 1
31 460 2
31 317 1
31 1343 1
31 8 1
31 3 8
31 735 1
32 31 1
32 117 2
32 70 2
32 101 1
32 958 2
32 559 1
32 736 1
32 531 1
32 579 1
32 1272 2
32 462 1
32 516 1
32 219 1
32 315 2
32 162 1
32 394 2
32 583 1
32 34 1
32 10 4
32 491 1
32 510 1
32 977 1
32 92 2
32 2153 1
32 1183 1
32 864 1
32 1206 1
32 28 3
32 377 2
32 929 1
32 441 1
32 1614 1
32 1305 1
32 152 2
32 647 3
32 2405 1
32 339 1
32 310 1
32 1961 1
32 240 1
32 128 1
32 916 2
32 494 6
32 1344 1
32 858 1
32 810 1
32 1791 1
32 661 1
32 417 2
32 2323 1
32 235 3
32 201 1
32 134 4
32 775 1
32 1151 6
32 788 1
32 23 3
32 139 1
32 103 2
32 1899 2
32 130 11
32 180 1
32 411 2
32 593 1
32 313 1
32 306 3
32 970 1
32 2360 2
32 1202 1
32 22 2
32 95 1
32 363 9
32 652 1
32 158 1
32 2338 1
32 325 1
32 508 1
32 554 1
32 854 1
32 685 2
32 697 1
32 620 1
32 830 1
32 287 1
32 118 2
32 350 1
32 245 1
32 73 4
32 1665 1
32 439 1
32 1026 2
32 1606 1
32 1043 1
32 1314 1
32 1528 2
32 861 1
32 935 1
32 265 3
32 340 1
32 106 1
32 86 4
32 443 1
32 682 2
32 213 2
32 507 1
32 563 1
32 1335 1
32 220 2
32 63 5
32 1703 1
32 40 2
32 730 1
32 880 1
32 51 5
32 228 2
32 259 2
32 692 1
32 308 1
32 337 1
32 760 1
32 379 2
32 221 1
32 24 3
32 1394 2
32 483 1
32 1242 1
32 380 3
32 1147 1
32 253 26
32 1348 1
32 1463 2
32 1084 1
32 776 1
32 606 1
32 772 1
32 142 2
32 362 1
32 1850 1
32 1227 1
32 1751 1
32 561 1
32 517 2
32 50 1
32 471 1
32 316 1
32 2272 1
32 168 2
32 1142 2
32 383 1
32 2399 1
32 941 1
32 199 1
32 784 6
32 124 2
32 328 3
32 598 1
32 1389 2
32 1234 2
32 786 1
32 666 3
32 271 1
32 94 3
32 918 1
32 600 1
32 108 1
32 1976 1
32 150 2
32 752 1
32 1951 1
32 474 1
32 986 1
32 989 1
32 105 1
32 156 3
32 64 3
32 802 1
32 514 2
32 196 1
32 934 2
32 1334 5
32 80 1
32 136 2
32 1413 1
32 665 1
32 458 1
32 1066 1
32 246 1
32 203 1
32 2421 1
32 16 1
32 1062 1
32 884 2
32 81 1
32 338 1
32 1209 2
32 267 1
32 544 1
32 318 3
32 595 3
32 1156 7
32 1896 1
32 1689 1
32 281 1
32 1081 1
32 120 4
32 425 1
32 1593 3
32 576 3
32 255 1
32 62 2
32 1950 2
32 6 14
32 79 1
32 25 3
32 456 1
32 71 2
32 1474 2
32 499 1
32 2091 1
32 1211 1
32 1829 1
32 329 2
32 359 1
32 662 1
32 289 1
32 122 6
32 49 1
32 546 1
32 509 3
32 1076 1
32 2463 1
32 55 4
32 18 6
32 1150 2
32 762 1
32 469 1
32 838 1
32 165 1
32 352 1
32 1894 2
32 574 1
32 1175 1
32 29 1
32 140 1
32 708 2
32 465 2
32 39 1
32 191 1
32 420 1
32 2297 1
32 52 4
32 542 3
32 1293 6
32 825 2
32 2 1
32 389 1
32 331 2
32 1556 1
32 1739 1
32 3 9
32 1690 1
32 944 1
33 558 1
33 126 2
33 619 1
33 958 1
33 881 1
33 1064 3
33 897 1
33 1012 3
33 1068 1
33 1249 1
33 1805 1
33 993 1
33 633 1
33 30 1
33 987 3
33 1262 1
33 510 1
33 28 3
33 290 1
33 1583 1
33 113 10
33 225 2
33 641 2
33 570 3
33 1961 1
33 488 1
33 1109 1
33 875 2
33 167 1
33 360 1
33 217 1
33 134 8
33 347 1
33 177 3
33 103 1
33 384 1
33 1634 1
33 153 2
33 95 1
33 158 1
33 1691 1
33 7 4
33 97 1
33 1380 1
33 1016 1
33 742 2
33 678 1
33 942 1
33 323 1
33 1922 1
33 1240 1
33 646 1
33 239 1
33 1665 1
33 785 1
33 1167 2
33 229 1
33 1179 1
33 298 1
33 1288 1
33 1026 1
33 840 1
33 1071 3
33 1825 2
33 341 1
33 578 1
33 1239 2
33 534 1
33 213 1
33 1335 1
33 63 5
33 2377 1
33 11 1
33 40 1
33 259 1
33 404 1
33 1340 1
33 1529 2
33 67 1
33 761 2
33 1482 1
33 314 1
33 99 2
33 837 1
33 760 1
33 119 3
33 869 1
33 1414 3
33 895 1
33 1147 1
33 580 6
33 1320 2
33 1264 1
33 2388 1
33 776 1
33 121 2
33 142 1
33 45 1
33 1684 1
33 1850 1
33 1890 1
33 300 1
33 2186 1
33 1210 1
33 1448 1
33 1592 1
33 790 1
33 1648 1
33 1707 2
33 1354 1
33 941 1
33 954 2
33 784 1
33 598 5
33 786 1
33 1234 1
33 1006 1
33 271 2
33 533 3
33 713 1
33 312 2
33 230 1
33 150 1
33 147 4
33 752 1
33 1342 5
33 467 1
33 725 1
33 989 1
33 2217 1
33 348 2
33 105 2
33 1524 1
33 802 2
33 196 1
33 202 5
33 1382 1
33 80 2
33 1066 1
33 623 3
33 283 1
33 1078 1
33 203 4
33 345 1
33 728 1
33 1752 1
33 426 2
33 923 6
33 2414 1
33 649 2
33 332 2
33 709 1
33 759 13
33 267 3
33 318 1
33 190 1
33 1520 1
33 2228 1
33 1219 1
33 351 1
33 2296 1
33 635 1
33 1226 1
33 642 5
33 1859 4
33 878 1
33 1726 1
33 1446 2
33 631 2
33 1526 8
33 47 1
33 1604 1
33 122 1
33 624 3
33 303 1
33 49 1
33 209 2
33 2416 1
33 1582 2
33 1977 1
33 55 2
33 18 1
33 1150 2
33 1029 1
33 69 1
33 1140 2
33 2446 1
33 634 2
33 352 2
33 140 1
33 1175 1
33 1229 2
33 155 1
33 214 1
33 500 1
33 2090 1
33 2097 1
33 270 1
33 1255 1
33 702 1
33 825 1
33 84 1
33 2 6
33 2328 8
33 37 1
33 3 19
33 780 1
34 357 1
34 193 1
34 138 2
34 1058 1
34 235 1
34 464 1
34 167 1
34 13 1
34 1188 1
34 153 1
34 1100 1
34 854 1
34 287 1
34 192 2
34 112 1
34 952 1
34 40 1
34 656 1
34 44 1
34 1091 1
34 45 1
34 1810 1
34 517 1
34 790 1
34 2028 1
34 795 1
34 608 1
34 666 1
34 600 1
34 108 1
34 64 2
34 80 1
34 1190 1
34 370 1
34 1566 1
34 190 1
34 486 1
34 1117 1
34 805 1
34 47 1
34 2245 1
34 49 1
34 55 1
34 1029 1
34 978 2
34 249 1
34 686 1
34 3 5
35 31 1
35 2423 1
35 450 2
35 721 1
35 88 1
35 10 2
35 28 1
35 240 1
35 197 1
35 1572 1
35 793 4
35 1717 1
35 235 1
35 134 3
35 1258 1
35 23 1
35 130 4
35 1478 1
35 984 1
35 1067 1
35 975 1
35 1060 1
35 287 1
35 409 1
35 102 1
35 1897 1
35 2469 1
35 2136 1
35 86 1
35 96 1
35 44 2
35 401 1
35 0 2
35 337 2
35 304 1
35 1470 1
35 253 2
35 606 1
35 772 1
35 142 1
35 790 1
35 1166 1
35 786 1
35 312 1
35 108 1
35 1951 1
35 77 1
35 725 2
35 989 2
35 64 1
35 1212 2
35 458 1
35 246 1
35 859 1
35 16 1
35 1118 1
35 146 1
35 68 2
35 261 1
35 208 1
35 98 1
35 1597 3
35 1181 1
35 393 1
35 1131 1
35 49 1
35 303 1
35 395 3
35 29 1
35 74 1
35 309 1
35 1114 1
35 959 1
35 1225 1
35 1912 1
35 12 1
35 256 1
35 184 1
35 37 1
35 3 5
36 394 1
36 30 1
36 1262 3
36 10 1
36 491 1
36 727 1
36 947 1
36 888 1
36 336 1
36 100 1
36 138 1
36 134 1
36 13 1
36 130 1
36 153 1
36 363 1
36 95 1
36 7 1
36 334 1
36 2142 1
36 2494 2
36 409 1
36 998 1
36 298 1
36 1825 1
36 1193 1
36 63 1
36 40 1
36 640 2
36 760 3
36 660 1
36 285 1
36 1264 1
36 567 1
36 1790 1
36 2179 1
36 2033 1
36 385 1
36 199 1
36 26 4
36 1745 1
36 246 2
36 1209 1
36 493 2
36 1612 1
36 263 2
36 1107 1
36 1882 1
36 273 1
36 1038 1
36 945 1
36 1229 1
36 214 1
36 863 2
36 460 1
36 12 1
36 2 1
36 3 5
37 558 1
37 31 1
37 205 1
37 881 1
37 330 2
37 579 1
37 797 1
37 450 1
37 394 2
37 88 1
37 721 1
37 1020 1
37 633 1
37 10 2
37 346 1
37 510 1
37 727 1
37 2160 1
37 571 4
37 2444 1
37 1968 1
37 290 2
37 113 2
37 1144 1
37 100 1
37 339 1
37 981 1
37 570 1
37 138 1
37 916 1
37 1058 2
37 2144 1
37 938 1
37 1344 1
37 1280 3
37 417 1
37 2232 1
37 235 1
37 464 2
37 217 1
37 248 1
37 201 1
37 1176 1
37 1818 1
37 2051 1
37 103 4
37 1268 1
37 384 2
37 1285 5
37 313 1
37 1462 1
37 153 3
37 1202 1
37 22 12
37 354 1
37 703 1
37 568 1
37 7 1
37 715 1
37 618 1
37 2433 4
37 1956 1
37 522 10
37 192 1
37 2448 1
37 1644 2
37 1459 1
37 350 1
37 409 1
37 73 6
37 439 2
37 785 3
37 2226 1
37 229 1
37 834 1
37 446 1
37 102 1
37 921 1
37 414 2
37 2236 2
37 422 1
37 151 1
37 1138 2
37 861 1
37 90 1
37 265 1
37 106 1
37 700 1
37 480 1
37 173 4
37 213 3
37 540 1
37 1214 1
37 952 2
37 63 23
37 96 14
37 40 5
37 11 2
37 44 1
37 259 2
37 369 1
37 187 2
37 0 3
37 415 1
37 143 1
37 1640 1
37 119 7
37 1035 1
37 1147 1
37 1348 3
37 1264 2
37 495 1
37 372 1
37 606 1
37 21 2
37 362 1
37 1751 7
37 300 2
37 693 1
37 1341 1
37 471 2
37 1654 1
37 567 5
37 361 2
37 295 3
37 2154 1
37 168 4
37 790 1
37 1641 2
37 397 1
37 2015 1
37 2033 1
37 545 1
37 2042 2
37 1338 1
37 365 1
37 124 12
37 1540 1
37 328 2
37 666 2
37 26 5
37 1442 1
37 581 1
37 1645 1
37 19 1
37 2375 1
37 1982 2
37 1976 1
37 342 1
37 467 2
37 412 2
37 105 2
37 274 1
37 2207 2
37 852 1
37 665 2
37 902 1
37 1339 1
37 16 1
37 185 1
37 1937 1
37 748 2
37 894 1
37 2141 1
37 318 1
37 544 1
37 222 1
37 734 1
37 1896 1
37 120 5
37 1943 1
37 78 3
37 351 2
37 486 1
37 2371 1
37 2247 1
37 368 2
37 1904 1
37 1117 2
37 62 1
37 79 1
37 25 2
37 2115 1
37 456 4
37 71 3
37 695 1
37 1900 1
37 254 1
37 805 2
37 1107 2
37 2030 19
37 413 1
37 979 1
37 842 2
37 1476 1
37 1490 1
37 1619 1
37 224 1
37 393 1
37 166 1
37 47 2
37 513 1
37 928 6
37 609 1
37 209 1
37 1582 1
37 481 1
37 18 1
37 273 3
37 548 1
37 574 7
37 140 1
37 1175 1
37 569 1
37 1038 1
37 39 1
37 155 1
37 309 1
37 249 2
37 191 1
37 686 4
37 863 2
37 825 1
37 582 1
37 317 1
37 12 1
37 950 1
37 839 1
37 2 2
37 389 1
37 8 1
37 145 1
37 527 1
37 831 1
37 195 1
37 944 1
37 241 1
38 205 1
38 1697 1
38 357 4
38 1618 3
38 315 1
38 34 1
38 10 1
38 491 3
38 28 1
38 14 1
38 72 1
38 1109 1
38 134 2
38 1933 1
38 1100 2
38 46 2
38 7 1
38 879 1
38 1925 1
38 718 1
38 1318 1
38 1393 1
38 1152 1
38 904 1
38 220 1
38 63 1
38 557 1
38 11 1
38 749 1
38 1722 1
38 1826 2
38 2308 1
38 837 1
38 119 4
38 495 1
38 1195 2
38 372 4
38 776 1
38 463 1
38 1315 9
38 2010 1
38 5 1
38 2158 2
38 1621 1
38 168 1
38 1641 1
38 383 3
38 1319 1
38 1456 1
38 124 1
38 1992 1
38 297 4
38 778 1
38 2075 1
38 202 1
38 750 1
38 136 3
38 1198 2
38 16 1
38 2414 1
38 1411 1
38 1704 2
38 2026 1
38 222 1
38 734 1
38 403 1
38 486 3
38 2435 2
38 1612 1
38 1839 2
38 175 1
38 642 1
38 98 2
38 532 2
38 675 1
38 603 3
38 476 1
38 1163 1
38 670 1
38 132 1
38 624 1
38 1906 1
38 630 1
38 209 3
38 321 1
38 87 1
38 1381 1
38 127 1
38 249 1
38 1360 1
38 1312 1
38 1396 1
38 2 2
38 37 1
38 3 4
39 558 2
39 881 1
39 357 7
39 766 2
39 1386 1
39 450 1
39 219 3
39 1108 14
39 34 1
39 1262 1
39 10 4
39 510 2
39 92 1
39 291 1
39 28 1
39 349 1
39 571 2
39 1583 1
39 66 1
39 1189 1
39 1391 1
39 2390 1
39 417 2
39 932 1
39 235 4
39 464 1
39 217 2
39 347 1
39 1188 1
39 1176 1
39 775 1
39 1151 1
39 23 3
39 139 1
39 1899 1
39 103 1
39 130 2
39 180 1
39 1557 2
39 953 1
39 233 1
39 593 1
39 1634 1
39 984 1
39 153 3
39 22 3
39 363 1
39 354 1
39 485 3
39 7 1
39 2100 1
39 1016 1
39 742 1
39 1956 2
39 719 1
39 830 1
39 1644 1
39 2321 2
39 73 4
39 1167 2
39 1853 1
39 298 4
39 102 1
39 535 1
39 378 2
39 422 1
39 611 1
39 340 1
39 700 1
39 480 1
39 173 3
39 816 1
39 562 1
39 63 18
39 40 1
39 311 2
39 1125 1
39 44 6
39 259 1
39 692 1
39 187 1
39 566 1
39 505 2
39 640 1
39 337 1
39 221 1
39 24 1
39 483 1
39 380 1
39 304 1
39 253 1
39 1406 2
39 677 1
39 495 1
39 1778 1
39 45 1
39 2352 1
39 1227 1
39 1810 1
39 693 1
39 471 1
39 295 1
39 168 1
39 170 1
39 2033 1
39 406 4
39 2495 1
39 2368 1
39 328 1
39 598 1
39 786 4
39 666 2
39 26 1
39 160 1
39 1498 1
39 1563 1
39 2107 1
39 108 1
39 150 4
39 1626 1
39 1284 1
39 105 1
39 156 1
39 64 1
39 196 2
39 137 1
39 136 1
39 80 1
39 283 1
39 1339 1
39 370 1
39 203 1
39 813 1
39 923 1
39 185 1
39 884 1
39 332 4
39 1209 2
39 267 2
39 595 2
39 1585 1
39 1896 1
39 2059 1
39 419 1
39 78 3
39 493 1
39 1136 2
39 1486 2
39 62 1
39 456 1
39 254 2
39 917 1
39 842 1
39 670 1
39 1490 4
39 47 1
39 2443 1
39 662 1
39 512 1
39 49 1
39 303 5
39 2218 1
39 481 1
39 273 2
39 1298 1
39 966 1
39 352 2
39 574 1
39 29 1
39 2383 1
39 1484 1
39 882 1
39 309 1
39 249 4
39 191 1
39 1162 1
39 214 1
39 500 1
39 2195 1
39 1404 2
39 940 3
39 317 1
39 2391 1
39 12 3
39 84 3
39 2 1
39 3 4
39 1690 1
39 241 1
40 1192 1
40 232 1
40 1889 1
40 10 2
40 491 1
40 2153 1
40 1938 1
40 1961 1
40 824 1
40 128 1
40 417 1
40 235 1
40 139 1
40 1285 1
40 715 1
40 1426 1
40 618 3
40 679 1
40 192 3
40 785 2
40 834 1
40 102 1
40 935 1
40 1418 1
40 2136 1
40 473 1
40 173 8
40 557 4
40 880 1
40 656 1
40 44 1
40 259 1
40 119 1
40 285 1
40 238 1
40 121 1
40 142 1
40 926 1
40 1890 1
40 295 1
40 168 2
40 790 1
40 406 4
40 2348 2
40 1025 1
40 43 1
40 26 1
40 150 1
40 156 1
40 1548 1
40 514 1
40 934 1
40 202 2
40 1241 1
40 203 3
40 185 1
40 332 1
40 748 1
40 267 1
40 120 1
40 493 4
40 368 5
40 650 1
40 482 1
40 1416 1
40 809 1
40 1237 2
40 62 1
40 1121 1
40 1726 1
40 47 1
40 724 1
40 662 6
40 512 1
40 624 1
40 49 1
40 209 1
40 55 1
40 634 2
40 249 1
40 270 2
40 1404 2
40 1357 1
40 801 1
40 37 1
40 3 2
41 205 2
41 766 1
41 232 2
41 583 3
41 10 1
41 28 1
41 72 2
41 75 2
41 916 1
41 1915 1
41 95 1
41 7 5
41 1727 2
41 998 1
41 1007 1
41 220 1
41 11 1
41 44 3
41 1733 1
41 640 1
41 143 1
41 24 1
41 1120 2
41 212 1
41 50 2
41 1477 1
41 316 1
41 168 1
41 328 1
41 1017 2
41 1422 1
41 1468 1
41 713 1
41 342 1
41 980 1
41 1626 2
41 2034 1
41 934 1
41 2080 1
41 1846 2
41 109 1
41 1290 1
41 1296 2
41 1689 2
41 668 1
41 78 1
41 951 1
41 343 1
41 1033 1
41 371 1
41 116 1
41 335 1
41 98 1
41 1672 2
41 413 2
41 224 2
41 2422 1
41 2177 1
41 591 2
41 498 1
41 53 1
41 321 1
41 8 1
41 3 2
42 1618 1
42 1624 1
42 610 1
42 30 1
42 34 2
42 10 1
42 2139 1
42 1332 2
42 28 3
42 470 2
42 130 2
42 158 1
42 703 1
42 7 2
42 269 1
42 239 2
42 229 1
42 429 3
42 188 1
42 1393 1
42 682 2
42 563 1
42 220 3
42 40 1
42 1782 1
42 1826 1
42 0 2
42 327 2
42 1084 1
42 142 1
42 1315 4
42 2225 1
42 43 1
42 26 1
42 1442 1
42 342 1
42 1241 1
42 78 1
42 343 1
42 1839 1
42 482 1
42 603 1
42 1696 1
42 413 1
42 476 1
42 549 1
42 1476 1
42 2422 1
42 122 1
42 1906 2
42 49 1
42 392 1
42 65 2
42 18 1
42 69 1
42 1175 1
42 847 1
42 1293 1
42 353 1
42 8 1
42 1485 1
42 1098 1
42 355 5
42 3 1
43 126 2
43 232 3
43 491 1
43 694 1
43 648 3
43 66 1
43 240 1
43 916 1
43 858 1
43 621 1
43 1880 1
43 788 1
43 4 1
43 742 1
43 1554 1
43 1085 1
43 44 2
43 369 1
43 99 2
43 1394 1
43 253 2
43 121 1
43 1887 1
43 997 1
43 533 1
43 852 1
43 80 1
43 246 2
43 1040 1
43 1752 1
43 111 3
43 403 1
43 612 1
43 951 1
43 635 1
43 2496 1
43 181 1
43 675 1
43 329 1
43 148 1
43 1543 2
43 1293 1
43 460 1
43 971 1
43 1514 1
44 275 1
44 1386 1
44 1767 1
44 1105 1
44 1805 1
44 1262 1
44 10 2
44 2319 1
44 491 2
44 2160 1
44 14 1
44 430 1
44 2386 1
44 100 2
44 1505 1
44 981 1
44 2129 1
44 494 2
44 1791 1
44 661 1
44 235 1
44 134 1
44 626 1
44 384 1
44 313 1
44 22 1
44 95 1
44 1024 1
44 7 1
44 537 2
44 192 1
44 2163 1
44 73 1
44 1665 1
44 333 1
44 487 2
44 298 1
44 834 4
44 840 3
44 414 1
44 1034 1
44 1825 1
44 341 1
44 1746 1
44 479 1
44 473 2
44 819 2
44 63 4
44 96 1
44 2377 1
44 40 1
44 51 2
44 1627 1
44 259 1
44 909 2
44 761 4
44 337 1
44 892 1
44 119 2
44 285 1
44 238 1
44 606 1
44 776 1
44 142 1
44 627 1
44 45 2
44 1890 1
44 732 1
44 693 2
44 295 1
44 168 1
44 835 1
44 1719 1
44 406 2
44 124 1
44 784 5
44 271 1
44 147 2
44 989 1
44 396 1
44 1524 1
44 1873 2
44 750 2
44 136 7
44 1066 1
44 1399 2
44 1198 1
44 1194 3
44 2414 3
44 862 1
44 1209 1
44 318 5
44 587 1
44 1851 7
44 351 1
44 541 3
44 960 1
44 208 1
44 851 1
44 62 1
44 6 1
44 2498 1
44 878 1
44 512 1
44 289 1
44 630 1
44 546 1
44 209 15
44 1582 4
44 18 1
44 1150 1
44 644 1
44 352 3
44 374 1
44 983 1
44 1451 3
44 140 2
44 191 1
44 1336 1
44 1312 1
44 2331 2
44 1322 1
44 1023 2
44 184 1
44 3 2
45 275 1
45 797 1
45 219 1
45 450 1
45 2024 1
45 848 1
45 10 1
45 491 1
45 1549 1
45 346 1
45 28 1
45 113 2
45 683 3
45 66 1
45 1779 5
45 417 1
45 932 1
45 217 1
45 626 2
45 384 1
45 1478 1
45 1285 1
45 1634 1
45 153 1
45 22 1
45 679 1
45 1601 1
45 192 1
45 323 1
45 73 5
45 333 1
45 439 5
45 1167 1
45 834 1
45 200 2
45 840 2
45 1385 1
45 1638 3
45 2469 1
45 1239 1
45 466 1
45 63 3
45 11 2
45 51 1
45 311 1
45 1001 1
45 761 2
45 401 6
45 299 1
45 119 2
45 2481 1
45 580 2
45 627 1
45 1890 2
45 517 1
45 383 2
45 1719 1
45 941 1
45 2176 1
45 1797 1
45 784 3
45 1234 1
45 666 1
45 1620 3
45 581 1
45 147 1
45 503 1
45 1837 1
45 1506 1
45 64 2
45 934 1
45 202 1
45 750 6
45 80 1
45 136 4
45 1190 1
45 906 1
45 707 1
45 1209 1
45 322 1
45 595 5
45 1520 1
45 734 1
45 281 1
45 78 1
45 1851 3
45 351 1
45 2371 1
45 642 1
45 1237 2
45 1474 1
45 2229 1
45 1080 2
45 1526 1
45 724 1
45 546 1
45 1582 1
45 2416 1
45 548 1
45 2412 1
45 1140 1
45 140 1
45 1451 1
45 2383 2
45 1004 3
45 74 1
45 39 1
45 302 2
45 2331 1
45 825 1
45 2 3
45 2367 5
45 3 4
45 1984 1
45 831 1
46 2423 1
46 15 1
46 232 2
46 450 1
46 219 1
46 1407 1
46 10 1
46 346 1
46 2143 1
46 1206 1
46 571 1
46 57 1
46 683 1
46 100 2
46 75 1
46 584 1
46 347 1
46 1297 1
46 130 3
46 306 1
46 1915 1
46 153 1
46 363 3
46 508 1
46 742 1
46 118 1
46 1331 1
46 239 2
46 333 2
46 1167 1
46 102 1
46 200 1
46 840 3
46 414 1
46 819 2
46 473 1
46 220 1
46 2377 1
46 656 1
46 311 2
46 259 1
46 909 1
46 505 1
46 1394 1
46 2481 1
46 253 1
46 606 1
46 627 1
46 234 1
46 517 1
46 295 1
46 1790 2
46 477 1
46 1719 1
46 406 2
46 124 1
46 666 1
46 26 1
46 1620 3
46 600 1
46 147 2
46 105 1
46 156 1
46 274 1
46 750 4
46 1073 1
46 1209 1
46 322 1
46 267 1
46 344 1
46 595 2
46 541 1
46 482 2
46 1416 1
46 1859 1
46 263 1
46 805 1
46 842 1
46 141 1
46 47 2
46 2245 1
46 1421 1
46 55 2
46 18 1
46 305 1
46 321 2
46 352 1
46 74 1
46 191 1
46 302 1
46 277 1
46 2097 1
46 490 1
46 940 1
46 8 1
46 145 1
46 3 5
47 31 1
47 881 1
47 232 1
47 1489 1
47 113 1
47 794 1
47 2390 1
47 130 1
47 7 2
47 1031 2
47 38 1
47 67 1
47 327 1
47 41 5
47 1303 1
47 2219 1
47 26 1
47 160 1
47 77 1
47 202 1
47 1073 2
47 16 1
47 663 2
47 2351 2
47 211 1
47 2102 1
47 98 1
47 2496 1
47 603 1
47 591 1
47 65 1
47 154 1
47 1491 3
47 12 2
47 3 3
48 450 1
48 1407 1
48 848 1
48 10 1
48 2444 1
48 225 1
48 683 2
48 336 1
48 100 1
48 738 1
48 1109 1
48 661 1
48 347 3
48 626 1
48 130 1
48 384 1
48 153 2
48 354 1
48 1100 1
48 485 2
48 2142 1
48 102 1
48 840 4
48 1385 1
48 1071 2
48 2469 2
48 1239 1
48 819 1
48 1798 1
48 44 3
48 67 1
48 2058 1
48 505 1
48 337 1
48 119 2
48 2077 1
48 142 2
48 627 1
48 45 2
48 361 1
48 941 2
48 1719 2
48 406 1
48 608 1
48 666 1
48 271 3
48 108 3
48 147 3
48 105 1
48 64 3
48 934 1
48 750 3
48 723 3
48 283 1
48 1247 1
48 1209 1
48 1655 1
48 322 5
48 120 1
48 1851 1
48 486 3
48 482 4
48 71 1
48 805 2
48 141 2
48 166 1
48 303 1
48 968 1
48 481 1
48 55 2
48 658 1
48 140 1
48 569 1
48 2383 1
48 1004 1
48 251 1
48 302 1
48 249 1
48 52 1
48 1425 1
48 37 1
48 3 9
48 527 1
49 117 2
49 579 1
49 30 1
49 510 6
49 727 1
49 14 1
49 336 1
49 875 1
49 417 1
49 757 1
49 235 1
49 1611 2
49 23 1
49 501 2
49 313 1
49 153 1
49 2211 1
49 7 1
49 36 1
49 597 2
49 646 3
49 479 1
49 63 1
49 44 6
49 0 1
49 337 1
49 1264 1
49 157 1
49 492 1
49 2033 1
49 545 1
49 2028 1
49 328 1
49 312 1
49 696 1
49 1837 1
49 2403 1
49 196 1
49 80 1
49 1339 1
49 16 1
49 894 1
49 344 2
49 120 1
49 1117 4
49 169 1
49 335 1
49 98 1
49 392 1
49 18 1
49 309 1
49 214 1
49 686 1
49 825 1
49 317 1
49 12 1
49 37 2
49 3 2
50 20 1
50 164 1
50 1283 1
50 6 2
50 25 1
50 226 1
50 2156 1
50 79 3
50 1 1
50 519 1
50 434 1
50 143 1
50 15 1
50 54 1
50 409 2
50 127 1
50 1863 1
50 73 1
50 155 1
50 107 1
50 229 2
50 217 1
50 114 1
50 13 1
50 376 1
50 68 1
50 318 1
50 632 1
50 921 1
50 150 1
50 857 1
50 1365 2
50 149 4
50 342 1
50 1983 2
50 467 1
50 1023 3
50 238 1
50 286 1
50 47 1
50 21 1
50 12 1
50 354 1
50 5 1
50 158 3
50 2283 1
50 35 1
50 1583 1
50 182 1
50 212 1
50 93 1
50 113 1
50 815 1
50 8 3
50 40 3
50 301 1
50 410 1
50 36 1
50 61 2
51 835 1
51 62 1
51 89 2
51 976 1
51 335 1
51 1866 1
51 161 1
51 521 1
51 1124 1
51 245 1
51 73 1
51 94 1
51 193 1
51 1865 1
51 114 3
51 1371 1
51 721 1
51 342 1
51 151 1
51 1138 3
51 141 1
51 1289 2
51 1221 1
51 90 1
51 1131 1
51 700 1
51 768 1
51 507 1
51 930 1
51 132 1
51 1302 1
51 11 1
51 311 1
51 1327 1
51 55 2
51 72 1
51 259 1
51 655 1
51 469 1
51 164 1
51 1572 1
51 67 1
51 1062 1
51 1 1
51 400 1
51 352 1
51 185 1
51 155 1
51 82 1
51 595 1
51 48 1
51 23 1
51 677 1
51 515 1
51 645 1
51 1037 1
51 1712 1
51 961 1
51 445 1
51 78 1
51 280 5
51 638 1
51 351 2
51 45 2
51 22 2
51 5 1
51 1376 1
51 950 1
51 949 3
51 84 1
51 576 1
51 496 1
51 8 1
51 424 1
51 366 1
51 36 1
51 538 2
51 1028 1
51 269 1
51 241 1
52 20 1
52 70 2
52 25 1
52 26 1
52 532 1
52 107 1
52 2075 4
52 2314 1
52 90 1
52 990 2
52 557 1
52 336 1
52 197 2
52 1494 1
52 128 1
52 16 1
52 1275 1
52 29 1
52 653 1
52 1411 1
52 24 1
52 39 3
52 969 1
52 1729 1
52 5 1
52 2487 1
52 84 1
52 1014 1
52 1287 1
53 126 4
53 31 6
53 89 4
53 205 2
53 70 3
53 941 1
53 890 1
53 43 2
53 586 1
53 26 2
53 740 1
53 56 4
53 462 8
53 19 7
53 150 1
53 88 6
53 848 1
53 10 1
53 2488 1
53 286 1
53 1420 1
53 1018 4
53 440 1
53 664 1
53 92 1
53 156 2
53 324 1
53 64 1
53 196 1
53 290 1
53 852 1
53 113 1
53 210 3
53 59 2
53 526 1
53 1200 2
53 72 1
53 458 1
53 85 3
53 310 1
53 61 2
53 2169 1
53 1494 1
53 388 1
53 910 3
53 1 12
53 2191 1
53 109 2
53 912 1
53 1863 1
53 2085 4
53 227 1
53 932 1
53 167 3
53 183 1
53 13 6
53 68 4
53 818 1
53 171 2
53 23 3
53 103 2
53 1875 2
53 233 1
53 1134 1
53 753 1
53 1005 1
53 22 1
53 1527 1
53 354 2
53 237 1
53 158 1
53 635 1
53 576 2
53 485 1
53 1562 1
53 1002 3
53 2242 1
53 36 1
53 255 1
53 685 2
53 4 4
53 62 1
53 79 1
53 25 1
53 118 3
53 520 2
53 161 1
53 71 1
53 254 1
53 789 2
53 73 1
53 1167 1
53 60 4
53 114 1
53 1000 1
53 1488 1
53 9 3
53 112 4
53 151 2
53 188 1
53 141 1
53 206 1
53 578 1
53 359 1
53 1131 1
53 86 1
53 96 3
53 11 3
53 764 1
53 896 1
53 509 1
53 529 1
53 55 1
53 228 1
53 448 1
53 404 1
53 18 1
53 364 1
53 273 2
53 236 2
53 502 3
53 69 4
53 314 2
53 0 15
53 115 7
53 908 2
53 299 1
53 964 1
53 615 1
53 27 6
53 882 2
53 39 1
53 483 1
53 927 1
53 58 1
53 420 3
53 622 1
53 129 6
53 244 1
53 121 5
53 21 2
53 317 1
53 1063 1
53 12 3
53 5 11
53 184 1
53 35 3
53 2 6
53 331 1
53 93 5
53 596 1
53 8 2
53 1685 1
53 37 1
53 295 1
53 316 1
53 410 3
53 195 1
53 241 1
54 397 1
54 891 1
54 1676 1
54 31 3
54 117 1
54 70 1
54 958 1
54 2205 1
54 849 4
54 15 1
54 2105 1
54 524 1
54 2337 2
54 54 4
54 26 2
54 160 2
54 189 1
54 1832 2
54 258 1
54 297 2
54 94 2
54 19 3
54 242 1
54 2016 6
54 721 2
54 30 5
54 1668 4
54 10 4
54 286 1
54 77 1
54 1926 1
54 92 1
54 1206 2
54 2449 5
54 674 2
54 1232 1
54 137 1
54 14 1
54 59 1
54 1327 1
54 72 2
54 100 1
54 310 1
54 822 3
54 902 1
54 370 1
54 66 1
54 164 1
54 288 2
54 128 5
54 1 3
54 16 6
54 326 3
54 844 1
54 2191 1
54 185 2
54 109 5
54 2237 3
54 227 1
54 589 1
54 167 4
54 2467 3
54 13 3
54 68 5
54 190 1
54 144 2
54 48 2
54 1296 3
54 223 1
54 186 1
54 2051 1
54 222 1
54 180 1
54 2056 6
54 281 1
54 1358 2
54 800 1
54 973 3
54 261 17
54 1419 2
54 22 3
54 2087 1
54 125 3
54 158 1
54 237 6
54 2489 2
54 425 1
54 635 1
54 368 1
54 1562 1
54 252 2
54 159 1
54 508 1
54 554 1
54 1132 2
54 208 1
54 36 5
54 1287 1
54 1841 3
54 620 2
54 20 1
54 553 1
54 427 2
54 6 6
54 1601 1
54 335 7
54 118 2
54 520 2
54 1331 1
54 243 5
54 71 1
54 161 1
54 820 3
54 178 1
54 779 1
54 879 3
54 382 11
54 2437 1
54 350 3
54 2065 1
54 73 2
54 245 1
54 998 1
54 2226 1
54 487 1
54 276 2
54 1000 1
54 1211 1
54 937 2
54 1337 1
54 188 2
54 1528 1
54 1349 1
54 1080 1
54 90 1
54 265 1
54 578 2
54 359 3
54 86 7
54 480 4
54 507 1
54 49 1
54 475 2
54 11 1
54 405 1
54 40 1
54 1625 1
54 51 1
54 764 1
54 948 1
54 172 1
54 55 4
54 228 2
54 2275 1
54 448 1
54 506 6
54 404 1
54 657 3
54 236 10
54 502 3
54 69 7
54 308 5
54 187 1
54 67 2
54 637 1
54 0 10
54 29 3
54 945 3
54 299 2
54 127 2
54 24 5
54 251 1
54 1004 1
54 27 1
54 309 1
54 82 1
54 1470 1
54 58 1
54 2064 1
54 622 2
54 677 2
54 2497 1
54 1069 5
54 2335 4
54 863 1
54 12 2
54 104 2
54 300 1
54 1050 1
54 5 10
54 35 1
54 2 15
54 596 1
54 93 5
54 8 4
54 37 1
54 361 1
54 567 1
54 316 2
54 744 1
54 704 3
55 89 1
55 70 1
55 17 2
55 43 1
55 556 1
55 10 2
55 933 1
55 1243 1
55 92 1
55 768 1
55 377 1
55 260 1
55 14 2
55 518 2
55 16 1
55 770 1
55 707 1
55 109 1
55 248 1
55 167 1
55 344 1
55 2457 1
55 233 1
55 343 1
55 95 2
55 478 2
55 949 1
55 485 1
55 650 1
55 2282 1
55 208 1
55 62 1
55 6 1
55 226 1
55 25 1
55 179 3
55 161 1
55 114 1
55 102 1
55 1400 1
55 141 1
55 90 3
55 49 1
55 96 4
55 40 1
55 18 2
55 53 1
55 24 2
55 127 1
55 1004 1
55 285 1
55 588 1
55 58 1
55 1114 1
55 277 1
55 1406 1
55 121 1
55 280 1
55 460 1
55 2 1
55 808 4
55 1102 1
55 316 2
55 33 2
55 492 1
56 2173 1
56 101 2
56 936 4
56 124 1
56 729 1
56 54 1
56 26 1
56 189 1
56 232 2
56 713 1
56 19 2
56 230 3
56 108 1
56 1805 1
56 610 1
56 147 4
56 848 1
56 10 1
56 474 1
56 977 1
56 92 1
56 763 1
56 105 1
56 274 1
56 64 1
56 1908 1
56 290 2
56 137 2
56 1161 1
56 210 4
56 14 8
56 80 1
56 1499 1
56 458 4
56 72 2
56 1869 2
56 75 2
56 61 4
56 1157 1
56 66 5
56 2307 2
56 138 1
56 824 1
56 1 1
56 910 1
56 584 1
56 16 2
56 434 2
56 1153 1
56 1994 13
56 1600 1
56 1953 3
56 13 1
56 134 1
56 111 1
56 171 1
56 144 2
56 23 2
56 223 3
56 103 2
56 233 1
56 2059 1
56 120 2
56 1634 2
56 951 1
56 2099 1
56 343 1
56 1721 1
56 2162 1
56 22 1
56 158 1
56 237 2
56 425 1
56 250 2
56 2258 2
56 1562 1
56 252 2
56 1036 1
56 208 3
56 999 1
56 36 2
56 809 1
56 42 1
56 4 5
56 454 2
56 6 17
56 25 1
56 599 1
56 192 1
56 335 1
56 459 1
56 722 1
56 71 1
56 695 1
56 73 2
56 1333 1
56 107 7
56 91 1
56 200 4
56 231 1
56 112 4
56 1208 2
56 151 2
56 206 1
56 141 1
56 861 1
56 1882 1
56 669 1
56 540 1
56 624 1
56 40 1
56 51 7
56 783 1
56 509 1
56 896 7
56 18 4
56 448 13
56 865 1
56 53 3
56 2222 1
56 69 3
56 187 2
56 681 1
56 0 1
56 135 11
56 140 1
56 127 1
56 1438 1
56 24 1
56 119 1
56 39 1
56 489 1
56 1255 1
56 52 7
56 244 1
56 21 1
56 45 1
56 317 1
56 398 1
56 12 1
56 300 3
56 5 1
56 2 4
56 331 1
56 8 4
56 295 1
56 1061 1
56 264 2
56 527 1
56 170 1
57 126 4
57 31 6
57 89 4
57 205 2
57 70 3
57 941 1
57 890 1
57 43 2
57 586 1
57 26 2
57 740 1
57 56 4
57 462 8
57 19 7
57 150 1
57 88 6
57 848 1
57 10 1
57 2488 1
57 286 1
57 1420 1
57 1018 4
57 440 1
57 664 1
57 92 1
57 156 2
57 324 1
57 64 1
57 196 1
57 290 1
57 852 1
57 113 1
57 210 3
57 59 2
57 526 1
57 1200 2
57 72 1
57 458 1
57 85 3
57 310 1
57 61 2
57 2169 1
57 388 1
57 910 3
57 1 12
57 2191 1
57 109 2
57 912 1
57 1863 1
57 2085 4
57 227 1
57 932 1
57 167 3
57 183 1
57 13 6
57 68 4
57 818 1
57 171 2
57 23 3
57 103 2
57 1875 2
57 233 1
57 1134 1
57 753 1
57 1005 1
57 22 1
57 1527 1
57 354 2
57 237 1
57 158 1
57 635 1
57 576 2
57 485 1
57 1562 1
57 1002 3
57 2242 1
57 36 1
57 255 1
57 685 2
57 4 4
57 62 1
57 79 1
57 25 1
57 118 3
57 520 2
57 161 1
57 71 1
57 254 1
57 73 1
57 789 2
57 60 4
57 1167 1
57 114 1
57 1000 1
57 1488 1
57 9 3
57 112 4
57 151 2
57 188 1
57 206 1
57 141 1
57 578 1
57 359 1
57 86 1
57 1131 1
57 96 3
57 11 3
57 764 1
57 896 1
57 509 1
57 55 1
57 529 1
57 228 1
57 448 1
57 404 1
57 18 1
57 364 1
57 273 2
57 236 2
57 502 3
57 69 4
57 314 2
57 0 15
57 115 7
57 908 2
57 615 1
57 964 1
57 299 1
57 882 2
57 27 6
57 39 1
57 483 1
57 927 1
57 58 1
57 420 3
57 622 1
57 129 6
57 244 1
57 121 5
57 21 2
57 317 1
57 1063 1
57 12 3
57 5 11
57 184 1
57 2 6
57 35 3
57 596 1
57 93 5
57 331 1
57 8 2
57 1685 1
57 37 1
57 316 1
57 295 1
57 410 3
57 195 1
57 241 1
58 19 2
58 274 1
58 1908 1
58 14 2
58 128 1
58 201 1
58 223 1
58 233 1
58 20 1
58 161 1
58 73 1
58 689 1
58 60 2
58 265 1
58 90 1
58 76 5
58 2283 1
58 11 1
58 18 2
58 53 1
58 314 1
58 0 1
58 299 1
58 50 1
58 2101 1
59 70 1
59 17 2
59 26 1
59 453 1
59 887 1
59 931 1
59 14 1
59 326 3
59 759 1
59 167 1
59 1258 1
59 144 1
59 1251 1
59 36 2
59 32 2
59 20 2
59 1793 1
59 1121 1
59 422 1
59 1182 1
59 1021 1
59 38 2
59 1639 1
59 266 1
59 142 2
59 863 1
59 1099 1
59 33 2
60 31 1
60 89 2
60 2399 1
60 70 1
60 117 1
60 205 1
60 101 1
60 958 1
60 2042 1
60 330 1
60 199 1
60 375 1
60 766 1
60 15 6
60 328 1
60 43 1
60 1124 2
60 26 1
60 666 1
60 189 1
60 232 1
60 462 1
60 94 1
60 56 3
60 193 3
60 19 13
60 162 1
60 1309 1
60 242 2
60 108 3
60 1249 1
60 845 2
60 696 1
60 10 10
60 467 1
60 1688 1
60 2306 1
60 440 1
60 664 1
60 412 1
60 1183 1
60 156 2
60 64 4
60 377 1
60 888 3
60 571 1
60 934 1
60 349 1
60 196 2
60 202 1
60 198 1
60 225 1
60 57 1
60 2155 1
60 152 7
60 80 1
60 430 1
60 59 1
60 860 1
60 336 1
60 100 1
60 370 1
60 981 1
60 66 1
60 164 4
60 197 2
60 128 1
60 824 1
60 16 3
60 1 7
60 434 2
60 676 2
60 494 2
60 146 1
60 1669 1
60 709 1
60 1209 1
60 932 1
60 217 1
60 464 2
60 1611 1
60 13 4
60 48 2
60 23 2
60 1818 1
60 139 1
60 1254 1
60 180 1
60 501 1
60 78 1
60 22 9
60 354 1
60 552 1
60 252 1
60 1024 1
60 278 1
60 960 1
60 554 1
60 2211 1
60 1036 2
60 7 1
60 366 3
60 715 4
60 497 2
60 1483 1
60 36 1
60 371 2
60 42 1
60 269 1
60 4 19
60 537 1
60 62 5
60 2206 1
60 679 2
60 719 1
60 942 1
60 192 2
60 98 3
60 456 2
60 161 2
60 382 1
60 409 1
60 73 2
60 239 1
60 358 1
60 1167 1
60 107 1
60 1333 1
60 1121 1
60 1184 1
60 376 1
60 446 1
60 716 3
60 378 2
60 231 3
60 2148 1
60 9 4
60 1034 1
60 1361 2
60 1318 1
60 206 2
60 1390 2
60 265 2
60 1276 2
60 393 2
60 1055 1
60 1617 1
60 359 1
60 1093 2
60 513 1
60 930 1
60 1214 1
60 220 1
60 49 1
60 562 1
60 38 1
60 1423 1
60 1537 1
60 96 2
60 40 4
60 730 1
60 11 2
60 1075 1
60 1173 2
60 880 1
60 656 1
60 896 1
60 1553 4
60 311 2
60 55 2
60 2167 1
60 448 2
60 18 1
60 259 1
60 657 1
60 1203 1
60 308 1
60 1635 1
60 769 1
60 468 2
60 314 1
60 352 1
60 0 10
60 115 5
60 337 1
60 140 1
60 29 1
60 2037 1
60 569 2
60 760 1
60 1503 1
60 251 1
60 285 1
60 39 9
60 133 2
60 191 1
60 249 2
60 1336 1
60 58 1
60 307 2
60 495 2
60 149 4
60 270 1
60 244 2
60 606 1
60 1111 1
60 542 1
60 21 5
60 157 2
60 362 1
60 899 1
60 45 5
60 317 2
60 12 1
60 104 1
60 300 2
60 5 2
60 693 1
60 2 8
60 35 11
60 182 2
60 8 4
60 145 1
60 50 3
60 471 3
60 37 3
60 1984 1
60 295 2
60 527 1
60 170 1
61 126 3
61 89 5
61 275 4
61 1800 1
61 70 3
61 564 1
61 1830 1
61 330 3
61 559 1
61 936 3
61 890 4
61 579 1
61 766 1
61 729 2
61 15 2
61 2069 1
61 83 2
61 2172 1
61 193 1
61 56 1
61 462 1
61 258 2
61 367 5
61 423 1
61 219 1
61 453 1
61 162 3
61 1805 1
61 721 1
61 88 3
61 848 1
61 10 9
61 933 3
61 207 1
61 664 3
61 1243 9
61 92 3
61 864 1
61 947 1
61 349 2
61 113 1
61 441 1
61 198 2
61 225 3
61 57 1
61 14 4
61 336 2
61 72 1
61 100 9
61 1115 1
61 66 3
61 138 10
61 1588 1
61 197 3
61 916 1
61 584 2
61 726 1
61 494 3
61 738 1
61 1669 1
61 661 1
61 279 4
61 417 2
61 932 1
61 1953 4
61 167 1
61 1880 1
61 248 2
61 464 1
61 134 1
61 13 2
61 818 1
61 144 2
61 788 1
61 833 1
61 23 3
61 2045 1
61 139 1
61 284 1
61 2051 1
61 103 7
61 180 2
61 233 1
61 384 2
61 313 1
61 1215 3
61 1634 1
61 153 1
61 22 3
61 478 1
61 746 2
61 552 1
61 1666 1
61 325 1
61 1562 3
61 2211 1
61 1036 4
61 1047 1
61 1820 1
61 36 6
61 999 1
61 1716 1
61 1060 1
61 42 2
61 269 2
61 4 3
61 484 2
61 2339 4
61 2004 1
61 537 1
61 1838 1
61 287 1
61 192 2
61 942 2
61 459 1
61 118 3
61 161 2
61 779 2
61 432 1
61 2065 1
61 350 4
61 594 1
61 73 6
61 239 1
61 333 1
61 985 1
61 689 1
61 229 2
61 114 1
61 376 1
61 102 1
61 200 2
61 378 1
61 112 1
61 1535 1
61 1687 7
61 151 1
61 1138 2
61 1291 1
61 341 1
61 90 15
61 1746 1
61 1152 1
61 534 1
61 86 1
61 480 1
61 76 9
61 1457 1
61 213 1
61 1623 1
61 2286 1
61 540 1
61 1218 1
61 562 3
61 63 6
61 1423 2
61 96 13
61 416 1
61 1703 3
61 11 10
61 40 11
61 2343 2
61 51 6
61 880 1
61 687 2
61 656 1
61 311 1
61 301 3
61 369 1
61 1635 5
61 187 2
61 67 2
61 314 1
61 401 3
61 0 5
61 135 2
61 115 4
61 415 1
61 1196 1
61 143 4
61 337 1
61 379 1
61 299 2
61 964 2
61 24 3
61 285 1
61 119 2
61 82 1
61 483 2
61 1035 1
61 1252 1
61 895 2
61 1643 1
61 1195 1
61 1463 2
61 1516 4
61 216 1
61 1084 1
61 238 4
61 121 5
61 772 2
61 142 1
61 21 2
61 280 2
61 268 2
61 45 10
61 398 2
61 234 9
61 300 2
61 732 1
61 5 6
61 693 2
61 561 3
61 2267 1
61 35 5
61 212 2
61 1621 1
61 471 2
61 455 1
61 438 2
61 361 8
61 651 2
61 1061 3
61 974 1
61 790 1
61 2101 1
61 170 6
61 891 1
61 2198 1
61 954 1
61 941 1
61 385 6
61 1375 1
61 1456 1
61 199 2
61 365 1
61 124 1
61 1431 1
61 521 2
61 1929 1
61 43 1
61 586 1
61 1124 3
61 26 6
61 1006 2
61 1442 1
61 160 2
61 581 2
61 94 1
61 1645 1
61 1865 1
61 600 2
61 19 21
61 743 2
61 230 2
61 108 4
61 1309 1
61 1982 1
61 150 1
61 528 5
61 342 14
61 556 1
61 699 1
61 77 1
61 474 3
61 1379 1
61 412 1
61 856 1
61 2315 1
61 105 1
61 1742 1
61 1965 1
61 1095 2
61 2074 2
61 64 1
61 196 1
61 1241 1
61 137 1
61 2438 1
61 80 1
61 59 4
61 1244 1
61 458 3
61 791 1
61 655 6
61 288 1
61 164 8
61 1 3
61 16 2
61 910 1
61 770 3
61 434 1
61 2157 1
61 1273 1
61 883 1
61 109 5
61 1411 1
61 146 4
61 332 1
61 972 1
61 227 1
61 759 1
61 589 7
61 862 2
61 748 2
61 322 3
61 1290 1
61 111 1
61 344 2
61 318 9
61 544 1
61 223 1
61 186 1
61 515 15
61 645 1
61 755 1
61 668 7
61 78 1
61 120 1
61 638 2
61 351 1
61 343 5
61 493 10
61 2213 1
61 125 2
61 1033 1
61 425 2
61 250 1
61 541 1
61 368 1
61 252 1
61 2194 1
61 278 2
61 650 2
61 175 2
61 208 8
61 628 1
61 2242 1
61 255 1
61 2054 6
61 116 1
61 1586 1
61 62 2
61 6 8
61 2474 1
61 226 2
61 599 1
61 976 1
61 98 1
61 456 1
61 71 2
61 525 1
61 805 2
61 499 1
61 296 2
61 962 1
61 2021 2
61 917 1
61 181 3
61 1412 1
61 2178 3
61 107 8
61 1121 1
61 276 2
61 2415 2
61 1274 1
61 231 1
61 461 1
61 9 3
61 1855 1
61 1208 1
61 141 8
61 1650 1
61 262 5
61 631 1
61 47 2
61 957 1
61 132 6
61 289 1
61 303 1
61 2430 1
61 49 5
61 630 1
61 853 1
61 546 1
61 1987 2
61 1408 2
61 257 2
61 481 1
61 509 1
61 796 1
61 55 8
61 65 2
61 448 8
61 18 7
61 292 1
61 53 4
61 273 1
61 548 1
61 658 1
61 469 1
61 1325 1
61 468 1
61 681 1
61 352 1
61 165 1
61 574 2
61 374 2
61 29 1
61 569 1
61 908 1
61 1814 1
61 1038 1
61 787 1
61 1879 1
61 127 1
61 251 1
61 465 1
61 39 7
61 588 1
61 191 2
61 1114 1
61 686 1
61 1366 1
61 149 1
61 1701 1
61 1322 1
61 1037 3
61 52 1
61 1023 3
61 244 2
61 1912 1
61 266 2
61 2189 1
61 1133 1
61 317 1
61 12 2
61 1728 1
61 1425 1
61 256 1
61 472 1
61 924 1
61 84 30
61 184 1
61 2 15
61 808 1
61 331 3
61 8 3
61 407 1
61 37 1
61 1718 1
61 527 2
61 780 1
61 602 3
61 2340 1
61 944 1
61 241 2
62 89 1
62 559 1
62 1177 1
62 15 2
62 83 1
62 258 4
62 30 2
62 291 1
62 14 2
62 794 1
62 1079 1
62 123 2
62 1691 1
62 1716 1
62 114 2
62 200 1
62 1687 1
62 1318 1
62 341 1
62 2250 1
62 90 1
62 86 1
62 213 1
62 11 1
62 301 2
62 236 1
62 692 1
62 314 1
62 0 1
62 115 1
62 964 1
62 24 4
62 495 2
62 2346 1
62 238 2
62 21 1
62 732 1
62 50 1
62 361 1
62 1032 1
62 474 1
62 274 1
62 59 1
62 1 1
62 1481 1
62 828 1
62 344 1
62 1365 1
62 2059 1
62 125 2
62 252 1
62 650 1
62 955 1
62 79 1
62 98 1
62 1944 2
62 1987 2
62 448 1
62 18 1
62 787 2
62 402 2
62 1004 1
62 27 1
62 39 2
62 317 1
62 1063 2
62 924 1
62 8 1
62 407 3
63 1680 1
63 88 1
63 14 1
63 526 1
63 61 1
63 360 3
63 775 1
63 788 2
63 857 1
63 103 1
63 95 1
63 42 2
63 161 1
63 239 1
63 689 1
63 487 3
63 414 1
63 151 1
63 40 3
63 311 1
63 1533 1
63 1939 1
63 285 1
63 543 1
63 157 4
63 1967 1
63 295 1
63 444 1
63 17 1
63 586 1
63 399 1
63 19 2
63 150 1
63 440 1
63 64 1
63 1207 2
63 146 1
63 332 1
63 530 1
63 344 1
63 171 1
63 1051 1
63 281 2
63 237 1
63 255 1
63 2475 1
63 32 1
63 62 1
63 499 1
63 107 1
63 1430 1
63 231 3
63 1803 1
63 1004 1
63 27 3
63 39 1
63 420 4
64 89 1
64 804 1
64 219 1
64 315 1
64 610 1
64 903 1
64 210 1
64 14 1
64 152 1
64 61 1
64 197 1
64 279 1
64 470 1
64 464 1
64 95 1
64 949 1
64 685 1
64 118 2
64 689 2
64 739 1
64 114 2
64 1179 1
64 1996 1
64 378 1
64 414 1
64 443 1
64 562 1
64 11 1
64 1703 1
64 67 1
64 135 1
64 640 1
64 24 1
64 1774 1
64 772 1
64 204 1
64 21 1
64 877 2
64 234 1
64 212 2
64 1477 1
64 361 1
64 365 1
64 43 1
64 997 1
64 297 1
64 1018 1
64 440 3
64 2184 1
64 59 1
64 146 1
64 322 1
64 111 1
64 2110 1
64 261 1
64 250 2
64 2194 1
64 116 4
64 1283 1
64 6 1
64 25 1
64 599 1
64 178 1
64 499 2
64 254 1
64 9 1
64 141 1
64 513 1
64 2122 1
64 257 2
64 2218 1
64 1639 1
64 191 1
64 266 1
64 407 2
64 241 1
64 2340 1
65 31 1
65 89 1
65 70 1
65 15 1
65 162 1
65 10 2
65 1629 1
65 510 1
65 1243 1
65 864 1
65 57 3
65 14 1
65 430 1
65 72 1
65 100 1
65 197 2
65 824 1
65 726 1
65 782 1
65 248 1
65 13 1
65 284 1
65 1268 1
65 363 1
65 939 1
65 194 2
65 537 1
65 118 1
65 161 1
65 879 1
65 2321 2
65 114 1
65 376 1
65 446 1
65 200 1
65 1318 1
65 901 1
65 826 1
65 76 1
65 11 1
65 51 1
65 299 1
65 24 1
65 2064 1
65 495 1
65 238 1
65 41 1
65 204 1
65 1575 1
65 234 2
65 693 1
65 93 1
65 50 2
65 1676 1
65 2173 1
65 444 1
65 124 1
65 1540 1
65 43 2
65 745 1
65 1749 1
65 230 1
65 989 1
65 931 4
65 274 2
65 202 1
65 2080 1
65 431 1
65 1 1
65 16 1
65 813 1
65 972 1
65 227 1
65 111 1
65 68 1
65 190 2
65 544 1
65 171 1
65 250 1
65 252 1
65 6 1
65 25 1
65 226 1
65 71 1
65 296 1
65 91 1
65 716 1
65 9 2
65 513 1
65 49 1
65 475 1
65 711 1
65 405 1
65 53 1
65 69 1
65 1004 1
65 191 1
65 588 6
65 149 1
65 52 1
65 2246 1
65 596 1
65 145 1
65 8 2
65 163 1
66 558 2
66 126 1
66 31 8
66 275 1
66 89 1
66 70 1
66 117 1
66 564 2
66 101 1
66 2233 1
66 519 1
66 15 7
66 54 7
66 1019 1
66 2172 1
66 56 1
66 1272 1
66 423 1
66 367 1
66 1737 1
66 88 10
66 1020 2
66 30 10
66 10 4
66 1420 1
66 1453 2
66 291 1
66 1183 1
66 349 3
66 113 1
66 2202 1
66 210 3
66 683 1
66 14 1
66 381 1
66 72 1
66 61 1
66 138 1
66 388 2
66 128 2
66 824 1
66 2144 1
66 319 2
66 1079 2
66 673 2
66 991 1
66 248 1
66 217 1
66 705 1
66 167 6
66 183 1
66 13 6
66 969 1
66 893 1
66 23 3
66 2051 1
66 123 2
66 103 1
66 1307 2
66 180 2
66 233 1
66 593 1
66 306 1
66 22 1
66 1527 1
66 1666 1
66 36 10
66 42 1
66 620 1
66 942 1
66 118 2
66 520 2
66 779 1
66 1432 1
66 689 2
66 1167 1
66 114 2
66 1288 1
66 376 1
66 102 1
66 414 1
66 1679 1
66 718 1
66 112 8
66 151 1
66 188 3
66 826 2
66 1390 1
66 534 1
66 11 2
66 40 2
66 730 2
66 51 3
66 311 2
66 773 1
66 228 1
66 404 1
66 236 5
66 369 1
66 308 1
66 187 1
66 67 1
66 2058 2
66 874 1
66 314 2
66 566 1
66 0 14
66 115 1
66 415 1
66 2418 1
66 1257 1
66 615 1
66 299 1
66 24 7
66 1725 1
66 622 2
66 2381 1
66 280 1
66 268 3
66 45 3
66 5 1
66 996 1
66 93 3
66 212 1
66 50 2
66 1378 1
66 170 4
66 915 2
66 2495 1
66 406 1
66 365 1
66 26 1
66 160 2
66 297 1
66 743 1
66 19 1
66 230 1
66 632 2
66 2239 1
66 980 1
66 286 1
66 77 2
66 293 1
66 2170 1
66 64 3
66 137 1
66 80 1
66 1499 1
66 59 1
66 1413 1
66 320 1
66 85 1
66 283 4
66 902 1
66 1675 1
66 288 2
66 1387 1
66 164 1
66 16 3
66 1 20
66 400 1
66 807 1
66 1273 1
66 109 1
66 1708 1
66 227 1
66 759 2
66 1918 2
66 68 2
66 1469 1
66 1877 1
66 1455 2
66 222 1
66 1282 2
66 419 1
66 237 1
66 1136 1
66 1103 3
66 2223 1
66 447 1
66 371 1
66 809 1
66 169 1
66 1768 1
66 62 2
66 6 8
66 25 1
66 79 1
66 886 1
66 1874 1
66 456 1
66 1300 1
66 178 1
66 695 1
66 254 1
66 296 1
66 1250 1
66 1000 2
66 1191 1
66 555 1
66 1595 1
66 9 6
66 1337 1
66 1803 1
66 166 1
66 47 3
66 2483 1
66 2256 2
66 957 1
66 475 1
66 2458 2
66 55 2
66 18 2
66 69 2
66 469 1
66 321 1
66 1008 1
66 29 3
66 140 6
66 402 1
66 2047 1
66 133 1
66 74 1
66 1366 2
66 129 10
66 490 1
66 12 10
66 756 1
66 2 9
66 596 1
66 1155 1
66 8 2
66 1514 1
66 1599 2
66 831 1
67 31 1
67 70 1
67 101 1
67 15 1
67 232 1
67 423 1
67 315 1
67 1249 1
67 610 1
67 57 1
67 197 1
67 138 1
67 547 1
67 2019 1
67 279 2
67 167 1
67 201 2
67 183 1
67 13 1
67 23 1
67 384 1
67 22 3
67 36 2
67 269 1
67 685 1
67 194 2
67 4 2
67 20 1
67 679 1
67 722 1
67 432 1
67 239 2
67 446 2
67 1318 2
67 2038 1
67 90 1
67 1214 1
67 952 2
67 816 1
67 96 5
67 40 1
67 11 5
67 2138 1
67 308 1
67 1521 7
67 24 3
67 238 1
67 268 1
67 45 1
67 234 1
67 5 1
67 182 1
67 93 2
67 1102 2
67 567 1
67 264 1
67 43 1
67 1124 1
67 586 2
67 399 1
67 19 4
67 934 1
67 80 1
67 655 1
67 164 3
67 1 2
67 16 3
67 434 1
67 400 1
67 813 1
67 759 1
67 68 14
67 493 1
67 125 1
67 278 1
67 208 2
67 6 2
67 335 1
67 98 1
67 254 1
67 1199 2
67 107 1
67 276 3
67 1191 1
67 1769 1
67 670 2
67 206 1
67 166 1
67 990 1
67 509 1
67 529 1
67 2156 1
67 374 5
67 1087 7
67 29 1
67 2037 1
67 39 2
67 1162 2
67 1628 1
67 1255 1
67 266 1
67 2 2
67 808 1
67 8 1
68 101 1
68 2036 1
68 15 1
68 729 1
68 516 1
68 30 5
68 1243 1
68 1302 2
68 290 2
68 72 1
68 2005 1
68 388 1
68 13 1
68 284 2
68 1466 1
68 22 2
68 1002 5
68 1483 1
68 269 1
68 1459 1
68 585 1
68 243 1
68 73 1
68 333 1
68 487 1
68 1497 1
68 188 1
68 2038 1
68 86 1
68 40 1
68 11 3
68 1703 1
68 51 3
68 1635 1
68 24 2
68 1774 2
68 82 1
68 176 2
68 677 1
68 21 1
68 234 1
68 93 1
68 974 1
68 1128 1
68 1538 1
68 199 1
68 1017 1
68 1422 1
68 26 1
68 160 1
68 94 1
68 230 1
68 274 2
68 137 2
68 283 1
68 902 1
68 1387 1
68 16 1
68 1 3
68 707 1
68 883 1
68 1994 1
68 227 1
68 748 1
68 68 1
68 186 10
68 222 1
68 281 1
68 351 1
68 493 1
68 208 2
68 809 1
68 25 1
68 181 1
68 107 14
68 9 1
68 47 1
68 2177 1
68 765 4
68 448 1
68 69 3
68 140 2
68 2037 1
68 588 9
68 808 2
68 596 1
68 145 2
69 126 3
69 101 1
69 330 1
69 559 1
69 579 1
69 15 1
69 54 2
69 258 1
69 462 1
69 367 2
69 315 1
69 453 2
69 88 1
69 30 1
69 577 1
69 10 2
69 1420 1
69 1332 2
69 433 2
69 1206 7
69 349 4
69 113 2
69 225 1
69 428 2
69 381 1
69 72 3
69 75 2
69 570 2
69 128 2
69 1079 1
69 858 1
69 1771 1
69 470 1
69 167 2
69 201 2
69 621 2
69 248 2
69 13 5
69 775 1
69 23 1
69 833 1
69 233 2
69 501 1
69 593 2
69 22 1
69 363 1
69 95 2
69 485 1
69 1353 1
69 1002 1
69 508 1
69 554 1
69 36 2
69 42 3
69 269 2
69 20 1
69 679 1
69 287 2
69 2309 2
69 1644 1
69 520 1
69 179 1
69 879 1
69 1665 2
69 985 1
69 889 1
69 1167 1
69 60 7
69 114 1
69 376 1
69 1693 1
69 1652 2
69 112 6
69 1349 1
69 451 1
69 2329 7
69 935 1
69 861 1
69 1239 1
69 466 1
69 76 1
69 213 1
69 816 1
69 63 2
69 11 4
69 40 3
69 764 1
69 301 1
69 506 2
69 236 2
69 308 1
69 592 7
69 1521 1
69 0 20
69 2418 1
69 24 1
69 1438 1
69 2333 1
69 622 1
69 543 1
69 1525 1
69 121 1
69 21 1
69 45 3
69 300 1
69 5 1
69 50 4
69 168 1
69 131 1
69 397 3
69 2198 1
69 915 2
69 17 2
69 124 1
69 524 1
69 94 1
69 774 2
69 1865 1
69 19 1
69 108 1
69 528 1
69 1857 4
69 1837 1
69 1603 7
69 1018 1
69 396 1
69 156 1
69 196 1
69 202 1
69 283 1
69 164 1
69 16 3
69 1 16
69 2191 1
69 1411 1
69 81 1
69 109 2
69 146 1
69 338 1
69 227 3
69 862 1
69 828 1
69 68 1
69 190 1
69 612 2
69 445 5
69 281 1
69 1219 1
69 211 1
69 351 1
69 988 2
69 125 1
69 872 1
69 278 1
69 32 1
69 62 4
69 427 1
69 6 1
69 25 4
69 1859 1
69 976 1
69 98 1
69 71 2
69 263 2
69 254 2
69 789 1
69 1816 1
69 555 1
69 9 6
69 224 1
69 1261 2
69 206 1
69 141 2
69 393 1
69 2356 1
69 418 5
69 475 1
69 1582 1
69 405 1
69 1625 2
69 257 3
69 1421 1
69 448 1
69 18 2
69 53 1
69 273 1
69 69 1
69 165 11
69 29 6
69 2037 1
69 402 2
69 127 1
69 27 1
69 882 1
69 39 3
69 613 1
69 420 1
69 277 1
69 1701 1
69 244 2
69 825 1
69 460 2
69 12 8
69 104 2
69 84 1
69 2 4
69 596 1
69 1155 1
69 8 7
69 590 4
69 33 1
69 195 1
70 31 1
70 126 2
70 205 2
70 70 4
70 1830 1
70 579 1
70 15 3
70 83 1
70 423 1
70 367 1
70 315 1
70 453 8
70 162 3
70 10 1
70 92 2
70 290 1
70 1809 3
70 113 3
70 57 1
70 225 1
70 14 4
70 100 2
70 310 1
70 66 2
70 1961 1
70 138 1
70 417 1
70 956 2
70 1602 7
70 1176 1
70 144 1
70 233 1
70 306 1
70 1973 3
70 36 2
70 20 9
70 2175 1
70 192 1
70 2437 5
70 73 1
70 102 1
70 1693 2
70 1349 2
70 451 1
70 578 2
70 1335 1
70 38 4
70 2073 2
70 11 2
70 909 1
70 308 1
70 187 1
70 0 2
70 24 1
70 2269 2
70 1439 1
70 1252 1
70 1264 1
70 121 2
70 5 1
70 996 1
70 1496 1
70 35 1
70 93 1
70 361 1
70 1061 1
70 131 8
70 1233 2
70 17 7
70 399 2
70 77 2
70 989 1
70 137 1
70 1207 1
70 2438 1
70 136 1
70 320 1
70 822 1
70 16 2
70 400 1
70 844 1
70 109 1
70 81 2
70 68 1
70 190 1
70 171 1
70 587 1
70 261 1
70 125 1
70 237 1
70 250 1
70 576 1
70 1136 2
70 169 1
70 695 2
70 1816 2
70 91 2
70 1678 4
70 224 1
70 47 1
70 711 2
70 364 2
70 2020 1
70 29 1
70 402 2
70 127 1
70 251 1
70 698 1
70 2357 2
70 104 1
70 1099 1
70 37 1
70 1410 3
70 590 1
70 33 7
71 126 2
71 31 7
71 89 1
71 70 1
71 205 2
71 101 1
71 1830 1
71 519 1
71 890 2
71 15 3
71 54 5
71 1019 1
71 2172 1
71 83 1
71 232 1
71 56 3
71 423 1
71 367 2
71 315 1
71 1145 1
71 88 4
71 1020 2
71 30 1
71 10 8
71 92 2
71 2202 1
71 113 2
71 929 1
71 683 1
71 210 4
71 152 1
71 14 8
71 526 1
71 72 1
71 100 1
71 66 1
71 138 2
71 197 1
71 128 5
71 388 2
71 319 1
71 1079 1
71 1863 1
71 2085 1
71 248 2
71 167 2
71 183 2
71 13 6
71 969 1
71 23 5
71 2051 1
71 123 3
71 1428 1
71 1358 1
71 2040 1
71 1134 2
71 753 3
71 22 3
71 1527 1
71 1067 1
71 1444 1
71 1377 1
71 1036 1
71 36 2
71 939 3
71 42 6
71 484 1
71 2104 1
71 390 1
71 620 1
71 1705 1
71 20 2
71 679 1
71 287 1
71 118 2
71 520 2
71 161 1
71 73 2
71 333 1
71 985 1
71 487 3
71 60 4
71 114 1
71 376 1
71 102 1
71 414 1
71 422 1
71 112 6
71 151 2
71 188 3
71 826 1
71 90 1
71 1893 1
71 86 1
71 213 1
71 96 3
71 11 1
71 40 2
71 51 2
71 301 2
71 228 1
71 404 1
71 236 3
71 692 1
71 502 2
71 308 1
71 592 1
71 187 1
71 67 1
71 314 1
71 874 1
71 0 18
71 505 1
71 115 3
71 415 1
71 143 1
71 1346 1
71 615 4
71 24 1
71 803 1
71 483 1
71 1035 2
71 304 1
71 1725 1
71 622 2
71 495 1
71 280 1
71 157 1
71 21 2
71 45 5
71 234 1
71 300 1
71 5 8
71 93 3
71 50 2
71 316 2
71 295 1
71 974 1
71 2101 1
71 170 1
71 891 1
71 954 1
71 915 1
71 17 1
71 43 1
71 1124 1
71 26 2
71 160 3
71 533 1
71 743 1
71 19 2
71 230 3
71 632 2
71 1010 1
71 150 1
71 147 1
71 696 1
71 980 1
71 286 1
71 77 1
71 440 1
71 474 3
71 2315 2
71 768 1
71 105 2
71 202 1
71 136 1
71 59 1
71 283 2
71 85 5
71 902 1
71 370 2
71 1247 1
71 164 1
71 1494 1
71 16 3
71 1 11
71 400 4
71 1230 1
71 109 6
71 332 1
71 227 1
71 1918 1
71 2094 1
71 1762 1
71 68 2
71 190 1
71 171 1
71 1789 1
71 1877 2
71 587 1
71 515 4
71 78 1
71 1419 1
71 1955 1
71 125 1
71 237 3
71 576 2
71 1103 1
71 650 3
71 2407 2
71 1287 1
71 1574 1
71 371 2
71 1306 1
71 32 2
71 62 4
71 6 5
71 25 2
71 886 1
71 79 1
71 456 1
71 1300 1
71 695 1
71 962 3
71 296 2
71 1228 1
71 1000 2
71 91 5
71 1274 2
71 231 2
71 9 4
71 1337 1
71 206 1
71 329 1
71 631 1
71 166 2
71 47 3
71 359 1
71 1093 1
71 2320 1
71 257 2
71 509 1
71 55 2
71 18 4
71 292 1
71 273 1
71 364 1
71 548 1
71 69 2
71 469 1
71 838 1
71 321 1
71 1175 1
71 29 1
71 251 2
71 27 3
71 2047 1
71 133 3
71 249 2
71 302 1
71 613 1
71 58 1
71 1366 2
71 129 1
71 490 2
71 12 10
71 2 13
71 331 1
71 596 2
71 8 6
71 33 1
71 2134 1
71 241 1
72 31 3
72 117 1
72 70 1
72 958 1
72 849 4
72 15 1
72 2105 1
72 54 4
72 258 1
72 721 2
72 30 5
72 10 4
72 92 1
72 1206 2
72 2449 5
72 674 2
72 1232 1
72 14 1
72 1327 1
72 72 2
72 100 1
72 310 1
72 66 1
72 128 5
72 326 3
72 167 4
72 2467 3
72 13 3
72 144 2
72 48 2
72 2051 1
72 180 1
72 2056 6
72 1358 2
72 800 1
72 22 3
72 2087 1
72 158 1
72 2489 2
72 1562 1
72 159 1
72 508 1
72 554 1
72 36 5
72 1841 3
72 620 2
72 20 1
72 553 1
72 1601 1
72 118 2
72 520 2
72 1331 1
72 243 5
72 161 1
72 779 1
72 879 3
72 2437 1
72 350 3
72 2065 1
72 73 2
72 245 1
72 998 1
72 2226 1
72 487 1
72 188 2
72 1528 1
72 1349 1
72 90 1
72 265 1
72 578 2
72 86 6
72 480 4
72 507 1
72 11 1
72 40 1
72 51 1
72 764 1
72 228 2
72 506 6
72 404 1
72 236 10
72 502 3
72 308 5
72 187 1
72 67 2
72 637 1
72 0 10
72 299 2
72 24 5
72 82 1
72 1470 1
72 2064 1
72 622 2
72 677 2
72 300 1
72 1050 1
72 5 10
72 35 1
72 93 5
72 361 1
72 567 1
72 316 2
72 704 4
72 397 1
72 1676 1
72 2205 1
72 524 1
72 2337 2
72 26 2
72 160 2
72 189 1
72 1832 2
72 297 2
72 94 2
72 19 3
72 242 1
72 2016 6
72 1668 4
72 286 1
72 77 1
72 1926 1
72 137 1
72 59 1
72 822 3
72 902 1
72 370 1
72 164 1
72 288 2
72 1 3
72 16 6
72 844 1
72 2191 1
72 185 2
72 109 5
72 2237 3
72 227 1
72 589 1
72 68 5
72 190 1
72 1296 3
72 223 1
72 186 1
72 222 1
72 281 1
72 973 3
72 261 18
72 1419 2
72 125 3
72 237 6
72 425 1
72 635 1
72 368 1
72 252 2
72 1132 2
72 208 1
72 1287 1
72 427 2
72 6 6
72 335 6
72 71 1
72 820 3
72 178 1
72 382 10
72 276 2
72 1000 1
72 1211 1
72 937 2
72 1337 1
72 1080 1
72 359 3
72 49 1
72 475 2
72 405 1
72 1625 1
72 948 1
72 172 1
72 55 4
72 2275 1
72 448 1
72 657 3
72 69 7
72 29 3
72 945 3
72 127 2
72 251 1
72 1004 1
72 27 1
72 309 1
72 249 1
72 58 1
72 2497 1
72 1069 5
72 2335 4
72 863 1
72 12 2
72 104 2
72 2 15
72 596 1
72 8 4
72 37 1
72 744 1
73 31 1
73 89 1
73 205 1
73 2423 1
73 56 5
73 1624 1
73 441 1
73 14 1
73 1572 2
73 417 1
73 183 1
73 13 2
73 347 1
73 893 1
73 384 1
73 158 1
73 2044 1
73 269 2
73 2032 1
73 20 2
73 239 1
73 921 2
73 341 1
73 901 1
73 861 1
73 38 1
73 96 1
73 1450 1
73 1553 1
73 1635 2
73 67 1
73 0 1
73 1640 1
73 737 1
73 45 1
73 1967 1
73 50 1
73 17 2
73 312 1
73 980 1
73 164 1
73 728 1
73 1 1
73 81 1
73 332 1
73 759 1
73 530 1
73 1955 1
73 32 1
73 6 2
73 98 1
73 1250 1
73 231 1
73 842 1
73 1619 1
73 141 1
73 166 1
73 47 1
73 1131 1
73 1568 2
73 289 1
73 1582 1
73 529 1
73 18 1
73 249 1
73 1037 1
73 1491 1
73 244 2
73 625 1
73 460 1
73 104 1
73 2367 2
73 33 2
74 330 1
74 83 1
74 56 1
74 88 2
74 1420 1
74 377 1
74 381 3
74 794 1
74 138 1
74 2085 1
74 1953 1
74 464 1
74 103 1
74 2040 1
74 753 1
74 42 1
74 939 1
74 192 1
74 118 2
74 243 1
74 73 1
74 998 1
74 114 1
74 376 1
74 1400 1
74 2188 1
74 40 1
74 11 1
74 667 1
74 301 1
74 502 1
74 1635 1
74 187 2
74 733 1
74 0 2
74 143 4
74 615 1
74 24 2
74 280 2
74 5 4
74 93 1
74 50 1
74 264 1
74 168 1
74 43 1
74 19 1
74 1160 1
74 286 1
74 260 1
74 59 2
74 723 1
74 85 3
74 16 3
74 1 1
74 109 1
74 1153 1
74 223 2
74 1282 2
74 351 1
74 125 1
74 368 2
74 995 1
74 32 2
74 62 2
74 427 1
74 6 4
74 25 7
74 789 1
74 107 1
74 91 1
74 1000 2
74 413 1
74 1510 1
74 47 1
74 836 2
74 711 1
74 1780 1
74 321 1
74 402 1
74 133 2
74 155 2
74 1764 1
74 58 2
74 129 1
74 1712 1
74 12 1
74 1561 1
74 2 1
74 8 1
75 89 1
75 1409 1
75 54 1
75 290 1
75 1809 1
75 14 2
75 128 1
75 326 2
75 956 1
75 144 2
75 1353 1
75 20 2
75 239 1
75 466 2
75 38 2
75 63 1
75 557 1
75 2222 1
75 0 3
75 216 2
75 41 1
75 17 1
75 160 1
75 533 1
75 242 1
75 887 2
75 458 1
75 1 1
75 16 1
75 222 1
75 261 1
75 211 1
75 6 1
75 91 1
75 1181 1
75 1182 2
75 224 2
75 257 1
75 1507 1
75 127 1
75 155 1
75 1099 2
75 8 2
75 33 1
76 89 1
76 70 2
76 797 1
76 54 5
76 258 1
76 56 1
76 88 2
76 290 1
76 683 1
76 152 1
76 14 1
76 860 1
76 72 1
76 138 1
76 128 1
76 1659 1
76 319 1
76 661 1
76 279 1
76 183 1
76 139 2
76 158 1
76 1353 2
76 42 1
76 685 1
76 73 1
76 60 2
76 751 1
76 1007 1
76 700 1
76 866 1
76 96 1
76 40 1
76 11 1
76 896 1
76 1143 1
76 0 2
76 299 1
76 639 1
76 2064 1
76 543 2
76 216 3
76 1778 1
76 21 1
76 157 1
76 300 1
76 1378 1
76 410 1
76 835 1
76 1887 1
76 17 3
76 581 1
76 242 2
76 2074 1
76 723 1
76 458 1
76 518 1
76 16 1
76 1294 1
76 707 1
76 530 1
76 171 3
76 222 1
76 278 1
76 169 1
76 32 1
76 91 2
76 231 1
76 1650 1
76 1093 1
76 49 1
76 1500 1
76 681 1
76 165 1
76 1038 1
76 127 2
76 27 3
76 309 1
76 58 1
76 420 2
76 1255 2
76 1743 2
76 590 1
77 126 1
77 70 2
77 766 1
77 15 1
77 54 1
77 56 1
77 516 1
77 10 1
77 291 1
77 113 1
77 428 2
77 210 1
77 14 1
77 794 1
77 1702 1
77 13 1
77 347 1
77 103 2
77 123 2
77 501 1
77 829 1
77 1844 1
77 366 1
77 1716 1
77 939 1
77 390 1
77 2004 3
77 679 1
77 192 2
77 459 1
77 779 1
77 73 1
77 60 2
77 298 1
77 200 1
77 422 1
77 112 2
77 188 1
77 826 1
77 1352 4
77 38 1
77 63 1
77 40 2
77 730 1
77 51 1
77 67 1
77 314 2
77 0 15
77 99 2
77 964 1
77 24 3
77 1503 2
77 238 2
77 268 1
77 280 1
77 45 1
77 5 5
77 212 3
77 50 1
77 124 1
77 43 1
77 1166 1
77 1772 1
77 286 1
77 77 1
77 64 1
77 1092 1
77 85 1
77 16 1
77 1 15
77 1762 1
77 171 1
77 638 1
77 343 3
77 650 1
77 278 3
77 2068 1
77 628 5
77 32 1
77 789 1
77 1191 1
77 716 1
77 9 3
77 2314 1
77 166 1
77 1568 1
77 148 1
77 853 1
77 55 2
77 18 2
77 321 1
77 29 1
77 309 2
77 149 1
77 129 2
77 1015 2
77 12 3
77 2 4
77 596 3
77 8 4
77 2062 1
78 205 1
78 15 1
78 423 1
78 2066 1
78 92 1
78 291 4
78 377 2
78 1161 2
78 72 1
78 319 1
78 360 4
78 201 1
78 13 3
78 183 2
78 501 1
78 1466 2
78 95 4
78 949 1
78 2211 1
78 999 3
78 36 3
78 4 1
78 459 1
78 118 1
78 722 1
78 432 1
78 779 2
78 229 1
78 739 1
78 601 3
78 112 1
78 151 1
78 188 1
78 341 2
78 2073 1
78 96 2
78 11 5
78 730 1
78 416 1
78 764 1
78 51 3
78 2138 1
78 502 2
78 187 1
78 314 1
78 135 1
78 143 1
78 575 1
78 24 2
78 2017 1
78 280 1
78 1819 1
78 234 1
78 35 1
78 629 1
78 93 3
78 1128 1
78 444 4
78 365 1
78 43 2
78 2337 1
78 19 1
78 342 1
78 286 1
78 1180 1
78 1965 1
78 202 1
78 605 1
78 431 1
78 902 1
78 370 1
78 1 2
78 813 1
78 844 2
78 185 1
78 227 1
78 344 1
78 68 20
78 190 1
78 2325 1
78 638 1
78 343 1
78 237 1
78 250 1
78 208 2
78 169 1
78 6 2
78 71 2
78 181 1
78 276 1
78 9 2
78 670 1
78 166 3
78 1131 1
78 591 4
78 853 1
78 2275 1
78 273 2
78 69 1
78 29 4
78 58 7
78 1322 1
78 625 1
78 924 2
78 2 1
78 184 4
78 596 1
78 1718 4
78 37 1
78 2340 1
79 577 1
79 1232 1
79 14 3
79 326 1
79 139 1
79 20 2
79 102 1
79 901 1
79 86 1
79 38 2
79 17 2
79 528 1
79 59 1
79 320 3
79 371 1
79 6 1
79 224 1
79 55 1
79 33 2
80 1168 1
80 31 2
80 117 2
80 1409 1
80 519 1
80 936 1
80 1217 1
80 15 1
80 54 2
80 83 3
80 232 2
80 258 1
80 394 1
80 845 1
80 721 1
80 30 7
80 10 1
80 933 1
80 664 2
80 92 1
80 2366 1
80 903 1
80 929 1
80 428 1
80 1571 1
80 1327 2
80 72 3
80 1090 1
80 100 3
80 75 2
80 197 1
80 128 2
80 1170 2
80 2279 3
80 417 1
80 167 3
80 360 1
80 464 1
80 13 2
80 2051 1
80 1358 1
80 313 1
80 158 1
80 1691 1
80 1562 2
80 1014 1
80 7 1
80 36 7
80 1016 2
80 685 1
80 4 10
80 390 1
80 2339 1
80 620 1
80 20 1
80 1838 1
80 1601 1
80 520 2
80 722 1
80 161 1
80 779 1
80 73 3
80 245 2
80 114 1
80 446 1
80 422 1
80 112 1
80 151 1
80 1265 1
80 188 2
80 1349 1
80 1390 1
80 90 1
80 466 1
80 562 1
80 38 2
80 63 1
80 416 1
80 730 1
80 11 13
80 51 1
80 764 2
80 228 2
80 506 3
80 259 2
80 236 6
80 502 3
80 308 2
80 592 1
80 187 1
80 67 1
80 637 4
80 401 1
80 0 12
80 115 2
80 415 1
80 575 1
80 299 1
80 24 2
80 639 1
80 1438 2
80 119 1
80 2404 1
80 622 2
80 677 2
80 495 2
80 45 3
80 234 2
80 5 7
80 35 1
80 93 3
80 212 1
80 1967 1
80 2456 3
80 316 2
80 1032 1
80 397 1
80 2495 1
80 444 1
80 795 1
80 199 2
80 524 1
80 43 2
80 26 1
80 160 2
80 1560 3
80 1832 1
80 94 1
80 745 1
80 743 1
80 19 3
80 1267 1
80 242 1
80 632 1
80 528 1
80 1857 1
80 342 2
80 286 1
80 77 1
80 412 2
80 105 2
80 274 2
80 514 1
80 1730 1
80 137 1
80 136 1
80 59 2
80 431 1
80 2083 1
80 283 1
80 902 1
80 2169 1
80 370 2
80 288 2
80 1494 1
80 16 3
80 1 5
80 2071 1
80 2191 1
80 109 6
80 146 5
80 2237 4
80 227 1
80 322 1
80 2468 1
80 2141 1
80 68 7
80 344 2
80 190 1
80 1744 1
80 445 1
80 419 1
80 1081 1
80 120 1
80 1667 3
80 493 1
80 2162 2
80 125 3
80 237 5
80 635 1
80 872 1
80 252 1
80 447 1
80 2054 1
80 1306 1
80 62 5
80 427 4
80 6 11
80 335 6
80 456 1
80 1159 2
80 71 1
80 382 1
80 1495 1
80 2178 3
80 276 1
80 555 1
80 2210 1
80 9 1
80 1337 1
80 1510 1
80 1208 1
80 1261 1
80 166 1
80 47 1
80 132 1
80 512 1
80 49 1
80 2430 1
80 1543 2
80 405 2
80 257 2
80 948 1
80 55 1
80 448 1
80 18 1
80 657 2
80 69 6
80 966 2
80 165 3
80 29 3
80 127 2
80 465 1
80 27 10
80 155 1
80 39 4
80 249 1
80 588 1
80 420 1
80 1322 1
80 2362 1
80 1023 1
80 317 2
80 12 1
80 1063 1
80 84 1
80 2 10
80 596 1
80 331 2
80 8 3
80 1350 1
80 37 1
80 2062 1
80 527 2
80 538 1
80 944 1
81 89 2
81 70 1
81 797 1
81 54 1
81 1311 1
81 10 1
81 933 1
81 1243 1
81 92 1
81 898 1
81 377 1
81 290 2
81 113 1
81 14 2
81 72 3
81 128 1
81 1659 1
81 319 1
81 248 1
81 167 1
81 13 1
81 2457 1
81 233 1
81 593 1
81 313 1
81 1795 1
81 95 1
81 478 4
81 949 1
81 1353 1
81 484 1
81 20 2
81 192 1
81 2309 1
81 179 4
81 161 1
81 333 2
81 689 1
81 751 3
81 1007 1
81 114 1
81 1400 1
81 90 1
81 952 1
81 96 3
81 11 2
81 40 1
81 896 1
81 314 1
81 0 4
81 143 1
81 24 1
81 285 1
81 1406 1
81 238 1
81 121 1
81 280 1
81 362 1
81 5 1
81 693 1
81 1102 1
81 295 1
81 316 4
81 1378 2
81 492 1
81 1887 1
81 17 6
81 43 2
81 1807 1
81 19 1
81 556 1
81 763 2
81 768 1
81 80 1
81 518 2
81 164 2
81 16 1
81 1 2
81 770 2
81 434 1
81 707 1
81 343 2
81 278 1
81 2282 1
81 208 1
81 169 1
81 6 1
81 226 1
81 25 2
81 91 1
81 1510 1
81 224 1
81 141 1
81 47 1
81 418 1
81 49 1
81 18 2
81 448 2
81 69 1
81 2156 1
81 681 1
81 29 1
81 1004 1
81 58 1
81 1114 1
81 266 1
81 12 1
81 808 3
81 33 2
82 326 1
82 501 1
82 179 1
82 901 1
82 182 1
82 17 1
82 227 1
82 544 1
82 368 1
82 6 1
82 47 1
82 289 1
82 39 1
83 526 1
83 1115 2
83 197 1
83 144 1
83 384 1
83 1358 1
83 194 1
83 118 1
83 350 1
83 646 1
83 102 1
83 952 1
83 96 2
83 40 1
83 2017 1
83 1227 3
83 295 1
83 43 1
83 19 2
83 822 1
83 1387 1
83 16 1
83 109 1
83 25 1
83 335 1
83 91 1
83 18 1
83 465 1
83 39 1
83 924 1
84 330 1
84 1680 1
84 423 2
84 10 1
84 433 2
84 14 4
84 103 1
84 269 2
84 409 1
84 507 1
84 38 9
84 301 1
84 135 1
84 2064 1
84 1990 1
84 5 1
84 1050 1
84 891 1
84 17 2
84 533 1
84 202 2
84 59 2
84 16 1
84 81 1
84 1156 1
84 116 1
84 32 4
84 257 1
84 27 1
85 1048 1
85 31 8
85 205 4
85 70 1
85 1064 2
85 330 1
85 579 1
85 462 2
85 193 5
85 516 1
85 219 1
85 1311 1
85 1249 1
85 721 1
85 845 2
85 30 5
85 2066 1
85 933 1
85 977 2
85 1243 1
85 947 2
85 1302 1
85 571 1
85 349 7
85 57 8
85 225 1
85 210 6
85 14 13
85 526 2
85 381 1
85 1869 1
85 100 8
85 75 9
85 310 5
85 61 15
85 981 1
85 570 1
85 128 4
85 824 2
85 388 2
85 494 1
85 2019 4
85 1170 2
85 1998 1
85 1122 1
85 782 2
85 1356 1
85 13 5
85 144 2
85 48 2
85 233 1
85 593 1
85 1215 1
85 1721 1
85 22 4
85 1527 1
85 95 1
85 363 1
85 1666 1
85 949 1
85 1677 1
85 366 1
85 999 1
85 42 8
85 2339 4
85 719 1
85 287 1
85 192 2
85 459 1
85 1886 1
85 118 5
85 722 2
85 243 1
85 350 2
85 245 2
85 487 3
85 751 1
85 414 1
85 900 1
85 1034 1
85 151 7
85 188 1
85 1291 1
85 861 1
85 340 1
85 534 1
85 86 13
85 76 2
85 1021 4
85 540 1
85 507 6
85 952 1
85 220 1
85 1423 1
85 63 3
85 557 1
85 416 1
85 11 16
85 1553 1
85 783 1
85 259 1
85 506 1
85 236 2
85 369 1
85 874 1
85 566 1
85 0 11
85 135 3
85 115 39
85 1196 1
85 143 5
85 2152 1
85 964 1
85 285 1
85 1567 3
85 21 22
85 1819 1
85 398 1
85 234 2
85 300 5
85 693 1
85 93 7
85 212 6
85 50 6
85 1102 5
85 651 3
85 1061 2
85 295 6
85 1128 1
85 170 2
85 2173 1
85 915 2
85 199 5
85 365 1
85 26 2
85 160 3
85 1645 1
85 581 1
85 399 4
85 1267 1
85 19 31
85 1309 1
85 108 1
85 632 1
85 150 3
85 1857 1
85 467 4
85 1506 1
85 77 1
85 440 1
85 348 1
85 768 1
85 1180 1
85 274 3
85 2034 2
85 514 1
85 137 4
85 136 3
85 59 8
85 665 1
85 2307 2
85 16 4
85 910 1
85 1273 1
85 707 1
85 81 1
85 109 5
85 1994 1
85 1153 3
85 332 1
85 589 1
85 1655 1
85 322 1
85 68 12
85 190 1
85 544 1
85 223 2
85 186 1
85 755 1
85 78 2
85 351 1
85 125 15
85 250 1
85 425 1
85 995 1
85 650 1
85 278 2
85 960 2
85 2098 1
85 809 1
85 25 2
85 226 1
85 1159 1
85 71 1
85 254 3
85 805 1
85 499 2
85 789 1
85 1228 1
85 107 10
85 1000 4
85 461 2
85 231 6
85 329 1
85 141 6
85 2314 1
85 47 8
85 513 2
85 1604 2
85 512 5
85 2245 1
85 49 2
85 1944 1
85 1987 1
85 509 2
85 448 11
85 292 1
85 273 2
85 658 1
85 1140 2
85 681 1
85 1154 4
85 1175 1
85 1038 2
85 1814 1
85 787 2
85 1004 4
85 27 2
85 1519 1
85 39 16
85 249 3
85 191 3
85 1764 1
85 1114 3
85 277 14
85 149 3
85 1037 2
85 244 11
85 266 1
85 542 1
85 582 3
85 1343 1
85 1063 4
85 950 1
85 781 2
85 808 4
85 331 2
85 8 10
85 424 1
85 1599 2
85 744 1
85 101 3
85 1409 1
85 519 6
85 936 10
85 15 21
85 729 1
85 54 1
85 56 9
85 258 7
85 1680 1
85 423 1
85 315 1
85 1145 5
85 610 2
85 10 11
85 2270 2
85 92 11
85 291 3
85 864 1
85 290 2
85 903 1
85 113 1
85 428 1
85 648 5
85 688 38
85 408 4
85 72 2
85 1115 3
85 66 6
85 2129 1
85 794 1
85 811 1
85 197 2
85 1588 3
85 1097 1
85 584 1
85 1058 1
85 1391 2
85 319 4
85 938 1
85 279 2
85 272 1
85 2429 6
85 201 6
85 464 2
85 248 1
85 183 1
85 1188 1
85 23 4
85 2126 1
85 103 5
85 1983 1
85 180 1
85 313 7
85 306 1
85 800 1
85 1466 2
85 2174 1
85 354 2
85 552 4
85 158 2
85 478 1
85 325 1
85 1036 3
85 1053 1
85 2100 1
85 1016 1
85 36 5
85 4 77
85 194 4
85 2041 1
85 2104 1
85 830 3
85 551 1
85 1601 1
85 520 2
85 161 1
85 1398 1
85 73 3
85 114 4
85 102 3
85 200 6
85 2049 4
85 921 4
85 1071 3
85 422 1
85 1138 1
85 1786 1
85 1318 1
85 90 12
85 265 6
85 1798 1
85 563 1
85 562 1
85 1649 1
85 96 4
85 40 19
85 51 3
85 749 1
85 301 3
85 656 3
85 1125 1
85 2138 3
85 592 4
85 187 1
85 314 1
85 401 1
85 1533 1
85 337 1
85 2308 1
85 1346 2
85 575 2
85 24 7
85 803 1
85 82 1
85 927 3
85 543 3
85 1643 1
85 961 1
85 1084 3
85 2017 3
85 142 1
85 280 4
85 877 1
85 157 2
85 268 1
85 362 2
85 45 2
85 5 23
85 732 5
85 1050 1
85 561 2
85 1303 1
85 35 2
85 182 6
85 517 1
85 2268 1
85 361 1
85 316 1
85 410 1
85 704 1
85 891 1
85 406 1
85 375 1
85 1431 1
85 43 13
85 586 4
85 1124 1
85 740 3
85 297 1
85 94 2
85 997 1
85 1749 1
85 600 1
85 230 3
85 1609 1
85 342 1
85 986 1
85 105 3
85 156 4
85 64 5
85 80 9
85 320 5
85 458 2
85 623 1
85 85 5
85 283 1
85 822 1
85 1247 1
85 164 6
85 1040 1
85 1 7
85 1989 1
85 434 3
85 400 6
85 185 1
85 1846 2
85 146 3
85 972 2
85 1045 3
85 759 2
85 227 1
85 862 1
85 828 1
85 344 1
85 318 5
85 914 3
85 1051 2
85 1365 3
85 515 1
85 281 5
85 120 6
85 1667 1
85 638 1
85 988 1
85 493 1
85 1955 1
85 237 1
85 635 2
85 1136 1
85 252 3
85 447 2
85 208 2
85 116 13
85 1306 1
85 62 6
85 454 4
85 79 6
85 456 1
85 178 6
85 820 2
85 695 3
85 296 5
85 2496 1
85 276 2
85 91 1
85 2095 1
85 9 4
85 1595 1
85 549 1
85 1882 1
85 994 2
85 132 6
85 289 1
85 591 3
85 148 2
85 624 1
85 1543 1
85 1977 1
85 257 10
85 172 1
85 55 7
85 529 5
85 18 7
85 53 12
85 364 1
85 69 4
85 469 3
85 838 1
85 1008 1
85 29 16
85 402 1
85 251 1
85 133 4
85 58 10
85 420 2
85 1322 1
85 1255 1
85 1712 1
85 1069 1
85 2246 1
85 1852 4
85 1862 1
85 1015 3
85 317 5
85 12 2
85 1376 1
85 924 1
85 2 20
85 184 2
85 596 1
85 1041 1
85 407 1
85 37 4
85 527 1
85 163 2
85 195 4
85 241 2
86 14 1
86 138 1
86 192 1
86 151 1
86 507 1
86 236 1
86 135 2
86 41 1
86 524 1
86 19 1
86 286 2
86 1153 1
86 6 2
86 25 3
86 990 1
86 542 1
86 331 1
86 8 1
86 258 1
86 56 1
86 248 1
86 313 1
86 36 1
86 114 2
86 592 1
86 35 1
86 43 3
86 740 1
86 189 1
86 1788 1
86 1157 1
86 770 1
86 576 1
86 2161 1
86 405 1
86 69 1
86 29 1
86 133 1
87 1177 1
87 193 1
87 462 1
87 219 1
87 349 1
87 1653 1
87 57 3
87 336 1
87 61 3
87 95 2
87 390 10
87 118 1
87 751 1
87 578 1
87 11 1
87 0 10
87 415 3
87 143 1
87 119 1
87 380 3
87 1930 3
87 26 2
87 632 2
87 1018 1
87 274 1
87 859 1
87 223 2
87 1581 1
87 497 1
87 255 1
87 6 1
87 98 1
87 525 2
87 789 3
87 231 1
87 49 1
87 658 1
87 127 1
87 277 3
87 542 1
87 756 2
87 8 1
87 744 1
87 258 1
87 1105 1
87 10 2
87 66 1
87 470 2
87 621 1
87 23 1
87 313 1
87 1462 2
87 2104 1
87 1393 1
87 40 3
87 24 1
87 639 1
87 927 2
87 543 2
87 5 2
87 124 2
87 784 2
87 94 1
87 1837 2
87 1965 1
87 320 1
87 1989 1
87 923 4
87 1230 1
87 344 2
87 318 1
87 1896 1
87 1065 1
87 1211 1
87 2432 1
87 1093 1
87 994 1
87 172 1
87 53 1
87 29 1
87 465 1
87 133 1
87 58 1
87 12 4
87 924 1
87 2 1
87 241 1
88 2142 1
88 2065 1
88 1893 1
88 38 3
88 1865 1
88 16 1
88 6 1
88 976 1
88 1173 1
88 1500 1
88 127 1
88 27 1
88 2423 1
88 15 1
88 54 2
88 326 1
88 938 1
88 360 1
88 2374 1
88 158 1
88 269 1
88 102 1
88 1679 1
88 901 1
88 877 1
88 5 1
88 242 1
88 281 1
88 91 1
88 18 1
88 317 1
88 12 1
88 145 1
89 70 1
89 797 1
89 967 3
89 14 1
89 860 3
89 75 3
89 61 3
89 128 1
89 2424 1
89 1659 1
89 217 1
89 13 1
89 144 1
89 284 1
89 123 1
89 22 2
89 1353 2
89 1759 1
89 20 2
89 118 1
89 452 1
89 179 1
89 409 4
89 751 3
89 414 1
89 1291 1
89 63 1
89 11 2
89 880 1
89 896 1
89 1529 1
89 0 7
89 135 4
89 143 1
89 1278 1
89 21 9
89 693 1
89 160 1
89 1468 2
89 19 7
89 286 1
89 348 1
89 763 2
89 196 1
89 1200 1
89 16 1
89 109 2
89 1833 1
89 111 2
89 351 1
89 169 1
89 1283 6
89 525 1
89 1495 1
89 413 1
89 224 1
89 141 1
89 853 2
89 681 1
89 127 1
89 27 1
89 39 1
89 8 2
89 33 1
89 89 1
89 101 1
89 519 1
89 54 2
89 1680 2
89 1145 1
89 88 4
89 610 1
89 10 1
89 290 2
89 72 4
89 197 2
89 938 1
89 319 1
89 272 1
89 464 1
89 183 1
89 23 1
89 384 1
89 36 1
89 73 1
89 1007 1
89 102 1
89 1281 5
89 700 1
89 24 1
89 82 5
89 895 1
89 1511 1
89 216 1
89 754 1
89 5 4
89 35 1
89 1378 2
89 891 1
89 17 3
89 521 1
89 1807 1
89 242 1
89 147 1
89 342 1
89 458 1
89 283 1
89 1 7
89 185 2
89 227 1
89 222 1
89 638 1
89 343 1
89 237 1
89 252 1
89 208 1
89 62 1
89 2496 2
89 91 1
89 148 3
89 257 1
89 481 1
89 18 4
89 53 2
89 69 1
89 29 2
89 12 1
89 472 1
89 2 3
89 596 1
89 145 1
89 1514 2
90 31 1
90 559 1
90 1019 1
90 14 1
90 61 1
90 138 1
90 128 1
90 824 1
90 217 1
90 1875 1
90 20 1
90 585 6
90 998 1
90 86 1
90 63 1
90 783 1
90 259 1
90 637 2
90 1406 1
90 212 1
90 160 1
90 19 1
90 1555 2
90 16 4
90 109 1
90 6 1
90 25 4
90 1220 4
90 1199 1
90 1228 1
90 231 1
90 461 1
90 1208 1
90 49 1
90 658 1
90 876 1
90 681 1
90 127 1
90 27 1
90 277 1
90 52 2
90 582 1
90 1343 1
90 89 1
90 1044 2
90 15 1
90 54 2
90 56 1
90 88 1
90 610 1
90 1453 2
90 113 1
90 428 1
90 72 2
90 2061 1
90 354 1
90 158 1
90 432 1
90 114 3
90 96 2
90 24 4
90 483 1
90 927 1
90 543 1
90 1525 1
90 268 3
90 362 1
90 5 1
90 124 1
90 242 1
90 288 1
90 227 2
90 1065 1
90 2206 1
90 1639 1
90 55 1
90 29 1
90 908 1
90 882 1
90 133 4
90 58 1
90 2246 1
90 12 1
91 117 1
91 70 1
91 881 1
91 797 1
91 450 1
91 14 3
91 336 3
91 1245 1
91 167 1
91 95 1
91 1353 1
91 1047 2
91 42 2
91 20 1
91 2448 1
91 179 1
91 245 1
91 751 1
91 1497 1
91 2283 1
91 11 2
91 896 1
91 506 2
91 236 2
91 637 1
91 0 4
91 566 1
91 1278 1
91 2212 8
91 204 1
91 567 1
91 1910 1
91 2198 1
91 150 1
91 867 1
91 1241 1
91 59 1
91 16 2
91 2157 1
91 322 1
91 111 2
91 211 2
91 125 2
91 541 1
91 995 2
91 1532 2
91 278 1
91 650 1
91 427 2
91 6 2
91 263 1
91 670 1
91 224 1
91 393 1
91 49 1
91 681 1
91 352 1
91 945 1
91 27 2
91 625 1
91 8 1
91 424 1
91 590 1
91 33 2
91 564 1
91 890 5
91 531 1
91 54 1
91 423 1
91 162 1
91 72 1
91 1090 1
91 319 1
91 810 1
91 279 1
91 183 2
91 23 2
91 1007 1
91 114 2
91 1694 1
91 1193 2
91 1966 2
91 2222 1
91 24 2
91 877 1
91 268 1
91 35 1
91 1378 1
91 397 1
91 17 2
91 2016 1
91 396 1
91 1 1
91 770 1
91 222 1
91 1065 1
91 343 1
91 62 1
91 2206 1
91 91 3
91 305 1
91 69 1
91 1275 1
91 882 1
91 58 1
91 12 1
91 472 1
91 389 1
91 1690 1
92 70 1
92 1249 1
92 349 1
92 100 1
92 13 1
92 284 2
92 484 1
92 192 1
92 1652 1
92 86 1
92 38 3
92 0 3
92 795 1
92 1540 1
92 2330 1
92 1498 1
92 1241 1
92 16 1
92 707 1
92 190 1
92 1419 1
92 351 1
92 32 1
92 6 1
92 98 1
92 224 2
92 49 1
92 1500 1
92 52 3
92 244 1
92 8 2
92 531 1
92 54 2
92 841 1
92 794 1
92 279 1
92 1880 1
92 248 2
92 183 1
92 139 1
92 103 1
92 1028 1
92 194 1
92 114 1
92 102 1
92 901 1
92 337 1
92 82 1
92 1383 1
92 2064 1
92 45 1
92 361 1
92 410 1
92 17 3
92 586 1
92 1 3
92 185 2
92 884 1
92 171 1
92 962 1
92 9 1
92 418 1
92 257 1
92 18 2
92 472 1
93 977 2
93 2160 1
93 571 1
93 1161 2
93 14 1
93 388 1
93 1170 2
93 757 1
93 13 1
93 1820 1
93 192 1
93 585 2
93 1497 1
93 112 1
93 1687 1
93 1335 2
93 11 5
93 1627 1
93 677 1
93 495 1
93 21 1
93 2456 1
93 1128 1
93 795 3
93 199 1
93 2337 1
93 274 1
93 514 4
93 109 1
93 68 2
93 111 2
93 6 2
93 25 2
93 1159 1
93 1510 1
93 876 1
93 1175 1
93 331 1
93 275 1
93 291 1
93 1176 1
93 384 1
93 1466 1
93 1512 1
93 4 3
93 520 1
93 73 1
93 2208 1
93 40 1
93 749 1
93 575 4
93 622 1
93 361 1
93 43 4
93 1965 1
93 260 2
93 1 1
93 844 1
93 883 1
93 120 2
93 335 1
93 2131 1
93 979 1
93 1182 1
93 928 3
93 591 2
93 69 1
93 165 3
93 140 1
93 465 1
93 58 1
94 1168 1
94 205 2
94 1177 3
94 1256 2
94 2160 2
94 225 1
94 1161 1
94 14 2
94 152 2
94 738 1
94 965 1
94 417 1
94 123 1
94 1933 1
94 22 3
94 1024 3
94 2433 1
94 999 2
94 484 1
94 192 2
94 287 1
94 1388 4
94 2226 1
94 1179 1
94 1445 1
94 378 3
94 1687 1
94 151 1
94 507 1
94 11 1
94 259 1
94 143 2
94 299 1
94 1438 1
94 606 1
94 295 1
94 1676 1
94 2198 2
94 2399 1
94 365 2
94 19 3
94 632 1
94 1982 9
94 150 2
94 556 1
94 77 3
94 1958 1
94 196 1
94 137 6
94 1273 2
94 223 1
94 78 4
94 1219 1
94 371 1
94 6 1
94 25 2
94 254 1
94 413 1
94 141 1
94 166 2
94 47 2
94 2320 1
94 876 1
94 127 1
94 39 3
94 1114 1
94 52 7
94 1037 1
94 353 2
94 1425 3
94 950 1
94 8 2
94 1216 2
94 827 10
94 101 1
94 1403 1
94 56 7
94 1785 1
94 10 1
94 92 1
94 441 1
94 197 1
94 272 1
94 775 1
94 1297 1
94 139 3
94 1358 1
94 313 1
94 753 2
94 1165 1
94 432 1
94 239 2
94 73 3
94 1996 1
94 102 1
94 921 1
94 1043 2
94 1390 8
94 562 1
94 96 2
94 40 1
94 51 1
94 1755 1
94 1503 4
94 362 9
94 45 1
94 35 1
94 2268 1
94 361 1
94 891 1
94 666 2
94 1149 1
94 64 1
94 80 1
94 283 1
94 822 2
94 185 4
94 1230 1
94 1913 3
94 972 1
94 338 3
94 344 1
94 2110 4
94 612 1
94 120 1
94 252 3
94 1132 1
94 2427 7
94 695 2
94 675 1
94 1250 2
94 1430 2
94 172 1
94 55 1
94 65 1
94 53 4
94 469 2
94 1008 1
94 29 4
94 1023 2
94 37 4
94 195 1
95 14 2
95 390 1
95 20 1
95 38 1
95 0 1
95 1910 1
95 16 2
95 1282 1
95 224 1
95 47 1
95 49 1
95 27 2
95 154 1
95 33 1
95 54 1
95 279 1
95 501 1
95 1043 1
95 17 2
95 312 1
95 164 1
95 1 1
95 155 1
95 12 2
96 977 1
96 1653 1
96 100 1
96 494 2
96 42 4
96 20 2
96 151 2
96 86 1
96 2283 1
96 11 1
96 0 1
96 135 1
96 379 1
96 495 1
96 677 1
96 693 1
96 212 1
96 26 1
96 160 1
96 1309 1
96 77 1
96 137 1
96 2191 1
96 111 1
96 211 1
96 1304 1
96 278 1
96 98 1
96 273 1
96 127 1
96 1004 1
96 191 1
96 8 2
96 590 1
96 15 1
96 54 2
96 290 1
96 113 1
96 66 1
96 794 2
96 313 1
96 552 1
96 1053 3
96 520 1
96 239 1
96 700 1
96 866 2
96 2127 2
96 639 1
96 304 1
96 622 1
96 238 1
96 877 2
96 280 1
96 157 5
96 131 1
96 2403 3
96 1 1
96 2094 1
96 344 2
96 419 1
96 208 1
96 116 1
96 79 1
96 9 1
96 979 2
96 148 3
96 29 1
96 465 1
96 2246 1
96 12 2
96 944 1
96 2002 2
97 31 2
97 797 1
97 210 1
97 14 1
97 526 1
97 100 1
97 1659 1
97 494 1
97 233 1
97 1353 1
97 192 1
97 179 1
97 751 3
97 11 3
97 764 1
97 896 1
97 783 1
97 874 3
97 0 5
97 234 1
97 693 1
97 160 1
97 19 2
97 1506 1
97 286 3
97 763 2
97 274 1
97 137 1
97 16 1
97 255 2
97 25 1
97 1199 1
97 206 1
97 47 1
97 49 1
97 681 1
97 127 1
97 8 4
97 33 1
97 89 1
97 15 2
97 54 1
97 88 2
97 290 2
97 113 1
97 72 3
97 408 2
97 641 1
97 279 1
97 470 1
97 501 1
97 354 1
97 269 2
97 1007 1
97 2073 1
97 24 2
97 483 1
97 543 1
97 362 1
97 5 3
97 35 1
97 1378 2
97 131 1
97 410 1
97 17 2
97 43 2
97 1807 1
97 230 1
97 80 2
97 458 1
97 1157 1
97 1 1
97 988 1
97 237 1
97 252 1
97 335 1
97 820 2
97 91 1
97 18 2
97 69 1
97 2037 1
97 12 1
97 527 1
98 126 1
98 31 1
98 117 1
98 70 2
98 330 1
98 766 1
98 193 2
98 516 1
98 210 2
98 14 1
98 13 2
98 123 3
98 22 2
98 1844 1
98 939 1
98 390 2
98 192 2
98 459 1
98 1167 1
98 60 3
98 1179 1
98 63 1
98 733 1
98 0 19
98 99 4
98 964 1
98 285 1
98 212 4
98 50 1
98 26 1
98 108 1
98 286 2
98 77 1
98 16 2
98 1062 1
98 81 1
98 1762 1
98 186 1
98 78 1
98 650 2
98 278 3
98 2068 1
98 2407 2
98 497 1
98 628 3
98 6 2
98 789 1
98 555 1
98 716 1
98 2314 1
98 166 1
98 47 1
98 853 1
98 273 2
98 321 1
98 1038 1
98 309 3
98 149 1
98 129 1
98 625 1
98 8 4
98 590 1
98 101 1
98 15 1
98 54 2
98 258 14
98 423 1
98 315 1
98 88 1
98 10 2
98 1332 5
98 92 1
98 291 9
98 1999 1
98 428 1
98 23 2
98 103 2
98 180 1
98 501 1
98 829 2
98 2040 1
98 1716 1
98 2004 1
98 679 1
98 779 1
98 870 2
98 422 1
98 826 1
98 1352 4
98 1694 1
98 40 1
98 730 1
98 51 1
98 228 1
98 592 1
98 314 1
98 24 3
98 1503 3
98 927 1
98 238 1
98 142 1
98 268 2
98 45 1
98 5 4
98 124 1
98 43 6
98 1166 1
98 312 2
98 980 1
98 1772 2
98 64 1
98 260 1
98 1092 1
98 283 1
98 85 2
98 1 21
98 1989 1
98 1744 1
98 638 1
98 343 4
98 560 1
98 1191 1
98 9 2
98 1568 1
98 148 1
98 55 2
98 18 1
98 469 1
98 1015 2
98 12 7
98 184 3
98 2 6
98 596 1
99 31 1
99 83 1
99 14 1
99 2273 9
99 22 1
99 20 1
99 179 2
99 350 2
99 1011 1
99 76 1
99 38 3
99 311 1
99 823 1
99 93 3
99 974 1
99 26 1
99 77 1
99 16 3
99 81 2
99 587 1
99 261 2
99 125 1
99 32 2
99 1539 1
99 6 1
99 224 3
99 47 1
99 614 1
99 509 1
99 657 1
99 52 3
99 424 2
99 33 3
99 538 2
99 15 1
99 258 1
99 1848 3
99 73 2
99 333 2
99 1281 2
99 1693 2
99 2136 1
99 173 1
99 228 1
99 45 1
99 131 1
99 17 3
99 1057 1
99 171 2
99 237 2
99 91 1
99 53 1
99 155 1
99 12 1
99 104 2
