0 563 1
0 49 1
0 742 1
0 1763 1
0 1867 1
0 84 1
0 1815 1
0 74 1
0 138 1
0 776 1
0 1276 1
0 199 1
0 351 1
0 44 1
0 18 2
0 350 1
0 1130 1
0 1638 1
0 512 1
1 158 1
1 34 5
1 96 1
1 1480 1
1 976 2
1 726 1
1 293 2
1 102 2
1 1794 1
1 2289 3
1 1548 1
2 558 1
2 126 6
2 275 1
2 205 1
2 117 1
2 564 1
2 678 1
2 1887 1
2 976 2
2 2006 4
2 365 1
2 15 1
2 1186 1
2 296 1
2 646 1
2 83 1
2 1468 1
2 1137 1
2 1281 1
2 601 1
2 937 1
2 9 2
2 1530 1
2 670 1
2 34 15
2 10 1
2 451 3
2 1080 1
2 437 1
2 293 4
2 1441 1
2 1457 1
2 1548 4
2 2436 1
2 888 2
2 563 2
2 49 1
2 96 1
2 1543 1
2 225 1
2 796 1
2 55 1
2 392 1
2 75 2
2 18 2
2 1782 2
2 292 1
2 273 1
2 2129 1
2 1529 1
2 67 1
2 793 1
2 681 1
2 2289 2
2 1154 2
2 862 1
2 302 1
2 2231 1
2 267 1
2 1467 2
2 68 1
2 177 1
2 495 2
2 1322 1
2 403 3
2 515 3
2 1642 1
2 2003 2
2 1373 1
2 1347 1
2 12 1
2 798 1
2 95 1
2 125 2
2 1777 1
2 1532 1
2 389 1
2 815 1
2 3 1
2 264 1
2 1117 1
2 1483 1
2 269 2
2 573 3
2 241 1
3 523 1
3 117 1
3 2442 3
3 2029 1
3 1240 1
3 409 1
3 457 1
3 30 1
3 34 6
3 346 1
3 359 3
3 421 1
3 11 1
3 152 1
3 822 1
3 53 4
3 832 1
3 69 1
3 240 1
3 1957 2
3 640 1
3 2203 1
3 146 2
3 1123 1
3 227 2
3 217 1
3 68 4
3 391 1
3 489 2
3 720 1
3 1817 1
3 1464 1
3 643 2
3 460 1
3 486 4
3 635 1
3 815 1
3 159 1
4 192 1
4 2423 1
4 1192 1
4 276 2
4 102 1
4 9 1
4 1284 1
4 341 1
4 47 1
4 1055 1
4 609 2
4 1924 1
4 2428 1
4 152 1
4 648 3
4 1008 1
4 923 1
4 1814 1
4 1118 1
4 2459 1
4 580 1
4 277 1
4 1861 1
4 130 3
4 951 1
4 1343 1
4 300 1
4 561 1
4 7 1
4 809 1
5 15 1
5 173 1
5 662 1
5 80 1
5 1339 1
5 894 1
5 344 1
5 313 1
5 3 1
6 2142 2
6 537 1
6 31 2
6 454 6
6 1025 1
6 1900 1
6 784 1
6 805 1
6 328 2
6 608 1
6 962 2
6 239 2
6 26 1
6 834 1
6 230 1
6 2415 1
6 108 1
6 200 1
6 378 1
6 1982 1
6 979 1
6 1034 1
6 10 2
6 2452 3
6 491 2
6 1418 1
6 340 1
6 173 2
6 480 3
6 105 1
6 724 1
6 132 1
6 512 1
6 557 3
6 683 1
6 907 1
6 51 4
6 80 2
6 656 1
6 100 1
6 283 2
6 370 3
6 1189 1
6 658 3
6 769 2
6 2058 2
6 1140 1
6 569 1
6 1109 1
6 1484 1
6 146 1
6 127 1
6 332 1
6 309 1
6 748 1
6 1147 1
6 2097 1
6 1463 1
6 593 1
6 800 1
6 120 3
6 1850 1
6 1512 1
6 493 5
6 1751 1
6 387 2
6 732 1
6 1341 1
6 37 1
6 366 1
6 651 1
6 295 2
6 168 1
6 371 1
6 170 1
7 383 1
7 126 1
7 742 1
7 2257 1
7 117 1
7 1345 1
7 1456 1
7 1554 8
7 722 1
7 1487 1
7 323 3
7 1672 1
7 917 1
7 229 1
7 108 1
7 2148 1
7 30 1
7 1668 1
7 10 1
7 346 1
7 504 1
7 396 2
7 173 1
7 122 1
7 148 2
7 202 1
7 220 1
7 290 1
7 11 1
7 1212 1
7 392 3
7 431 1
7 44 1
7 65 1
7 1864 1
7 1452 1
7 1271 1
7 246 1
7 2060 1
7 518 1
7 240 1
7 916 1
7 792 4
7 87 1
7 99 1
7 221 1
7 709 1
7 380 1
7 1077 1
7 134 1
7 253 1
7 177 1
7 222 1
7 1948 1
7 1478 1
7 21 1
7 463 1
7 825 1
7 829 1
7 971 1
7 652 1
7 2247 1
7 781 1
7 325 1
7 1514 1
7 46 2
7 7 1
7 3 1
7 567 1
7 163 1
7 168 1
7 1592 1
7 697 2
8 31 1
8 89 1
8 2198 1
8 619 1
8 6 1
8 1345 1
8 287 1
8 1319 1
8 1331 1
8 43 1
8 73 1
8 193 1
8 102 2
8 1786 1
8 1034 1
8 1181 1
8 10 2
8 1057 1
8 141 1
8 294 1
8 346 1
8 540 1
8 28 1
8 1302 1
8 303 1
8 853 1
8 1873 1
8 311 1
8 1076 1
8 1299 1
8 18 1
8 370 1
8 1189 1
8 468 1
8 337 1
8 127 1
8 24 1
8 465 1
8 1158 1
8 82 1
8 39 2
8 417 1
8 249 1
8 748 1
8 201 1
8 914 1
8 123 1
8 1324 1
8 130 1
8 1059 4
8 78 1
8 863 2
8 970 1
8 22 1
8 2213 5
8 602 1
9 1676 1
9 126 1
9 678 3
9 385 1
9 287 2
9 406 1
9 71 1
9 189 1
9 232 4
9 181 1
9 1223 1
9 600 1
9 102 2
9 1265 1
9 265 2
9 346 4
9 340 3
9 928 1
9 173 1
9 105 1
9 274 1
9 202 1
9 209 1
9 1873 1
9 428 1
9 1173 1
9 59 1
9 1076 1
9 55 1
9 65 1
9 203 1
9 1 1
9 547 2
9 221 1
9 146 3
9 302 1
9 191 1
9 589 1
9 235 3
9 894 1
9 134 2
9 223 1
9 130 1
9 121 1
9 616 1
9 951 1
9 45 2
9 1890 1
9 158 1
9 693 1
9 485 1
9 3 9
9 831 2
9 618 4
10 275 1
10 786 1
10 181 1
10 2375 1
10 535 1
10 601 1
10 670 1
10 1180 1
10 28 2
10 690 1
10 246 1
10 305 1
10 488 1
10 468 1
10 566 1
10 127 1
10 660 1
10 661 1
10 1156 1
10 1059 1
10 22 1
10 2213 1
10 84 1
10 175 1
10 37 1
10 3 1
10 497 1
11 199 1
11 2171 1
11 102 1
11 173 1
11 105 1
11 196 1
11 707 1
11 1158 1
11 13 1
11 190 1
11 1689 1
11 45 1
11 37 1
11 3 1
12 62 1
12 1124 1
12 1234 1
12 511 1
12 276 1
12 102 2
12 2236 1
12 346 1
12 274 1
12 662 1
12 49 1
12 290 1
12 2428 1
12 1873 1
12 2463 1
12 2118 1
12 401 1
12 574 1
12 304 1
12 235 1
12 757 1
12 593 1
12 45 2
12 2371 1
12 2213 1
12 950 1
12 1033 1
12 325 1
12 1621 1
12 3 3
13 275 1
13 679 1
13 722 1
13 1192 1
13 102 1
13 752 2
13 1549 1
13 826 1
13 207 1
13 346 1
13 202 1
13 63 1
13 1537 1
13 51 1
13 203 1
13 910 1
13 99 1
13 127 2
13 2381 1
13 425 1
13 1562 1
14 2041 1
14 126 1
14 62 1
14 1539 1
14 427 1
14 619 1
14 6 3
14 287 1
14 722 1
14 531 1
14 1351 1
14 766 2
14 73 1
14 239 1
14 181 1
14 193 2
14 298 1
14 230 1
14 162 2
14 108 3
14 102 1
14 1696 1
14 1211 1
14 150 1
14 752 1
14 10 2
14 510 1
14 1882 1
14 106 1
14 359 1
14 396 1
14 1617 1
14 768 2
14 2443 1
14 274 2
14 982 1
14 662 1
14 28 1
14 1524 1
14 349 1
14 196 1
14 2430 1
14 1207 1
14 968 1
14 11 1
14 80 2
14 51 5
14 796 1
14 529 1
14 100 1
14 44 2
14 506 1
14 259 1
14 902 1
14 909 1
14 203 1
14 1189 1
14 345 1
14 16 1
14 468 1
14 2424 1
14 813 1
14 326 1
14 574 1
14 1245 1
14 1280 1
14 731 2
14 127 7
14 285 1
14 155 1
14 39 1
14 279 1
14 302 1
14 748 2
14 235 1
14 847 2
14 855 1
14 267 1
14 183 1
14 111 1
14 190 1
14 1130 1
14 1516 1
14 270 1
14 103 1
14 52 1
14 411 1
14 1069 4
14 244 1
14 2031 1
14 120 1
14 153 1
14 951 1
14 753 1
14 45 2
14 1202 1
14 2479 1
14 95 1
14 924 1
14 781 1
14 517 1
14 325 3
14 50 1
14 145 1
14 424 1
14 1098 1
14 37 1
14 264 1
14 735 2
14 1790 1
15 385 1
15 199 1
15 15 1
15 181 2
15 312 1
15 1544 1
15 491 2
15 1095 1
15 656 1
15 408 1
15 44 2
15 2446 1
15 1640 1
15 1120 1
15 486 1
15 95 1
15 387 2
15 7 1
15 366 2
15 3 1
16 2142 1
16 1768 1
16 126 3
16 659 2
16 2179 4
16 205 1
16 679 1
16 830 1
16 192 1
16 406 1
16 199 1
16 820 1
16 608 1
16 239 1
16 232 1
16 181 7
16 918 1
16 298 1
16 1563 1
16 312 1
16 108 1
16 921 1
16 2210 2
16 979 1
16 842 1
16 10 1
16 1349 1
16 1825 2
16 491 1
16 77 1
16 47 2
16 1095 1
16 888 1
16 209 5
16 730 1
16 907 1
16 430 1
16 336 1
16 55 2
16 53 1
16 1029 1
16 370 1
16 66 1
16 518 3
16 1078 1
16 138 1
16 401 1
16 906 2
16 1791 2
16 2260 1
16 1815 1
16 217 1
16 2141 1
16 595 1
16 686 2
16 2097 1
16 1628 2
16 411 1
16 961 1
16 755 2
16 1059 1
16 953 1
16 281 1
16 266 1
16 616 1
16 153 1
16 2482 1
16 45 1
16 351 1
16 22 1
16 2479 3
16 971 1
16 472 1
16 693 1
16 635 1
16 84 3
16 1823 1
16 37 1
16 1942 3
16 195 3
17 178 1
17 102 2
17 10 1
17 346 1
17 393 1
17 47 1
17 1524 1
17 591 1
17 907 1
17 228 1
17 1040 1
17 707 1
17 285 1
17 748 1
17 235 3
17 248 1
17 111 1
17 318 2
17 1508 1
17 495 1
17 139 1
17 120 1
17 984 1
17 5 1
17 184 1
17 1036 1
17 3 1
17 295 1
17 1378 1
18 199 1
18 2060 1
18 138 1
18 1194 1
18 1411 1
18 27 1
18 757 1
18 894 1
18 12 2
19 427 1
19 199 1
19 533 1
19 114 1
19 106 1
19 359 1
19 1548 1
19 49 2
19 63 4
19 51 1
19 44 2
19 345 1
19 128 1
19 1411 1
19 855 1
19 111 1
19 52 1
19 753 1
19 22 1
19 12 2
19 1485 1
19 1016 1
20 390 1
20 620 1
20 1345 2
20 192 1
20 199 1
20 579 1
20 842 1
20 2153 1
20 28 1
20 49 2
20 220 1
20 18 3
20 1961 1
20 916 1
20 352 1
20 1336 1
20 267 1
20 134 1
20 1059 2
20 45 2
20 2213 3
20 1417 1
20 568 1
20 1541 1
21 684 1
21 62 2
21 454 4
21 2130 2
21 797 1
21 2163 2
21 242 1
21 2432 1
21 10 1
21 474 1
21 2422 1
21 105 1
21 122 1
21 49 1
21 220 1
21 1193 1
21 1993 1
21 75 1
21 2166 1
21 69 1
21 16 1
21 27 1
21 991 1
21 119 1
21 1209 1
21 617 1
21 235 1
21 705 1
21 171 1
21 177 3
21 149 1
21 78 1
21 153 1
21 363 1
21 8 2
21 715 1
21 208 2
21 2410 1
21 195 1
22 390 1
22 126 1
22 62 1
22 287 1
22 199 1
22 1166 1
22 2107 3
22 878 1
22 10 1
22 1080 1
22 105 1
22 213 1
22 274 1
22 28 2
22 49 2
22 100 1
22 1001 1
22 502 2
22 138 1
22 2071 1
22 943 5
22 1411 1
22 119 1
22 39 2
22 894 1
22 1502 1
22 1348 1
22 177 1
22 1915 1
22 153 1
22 460 1
22 175 1
22 168 1
22 697 4
23 328 1
23 26 1
23 535 1
23 461 2
23 9 1
23 900 1
23 34 1
23 341 1
23 773 1
23 1339 1
23 185 1
23 661 1
23 74 1
23 223 1
23 120 1
23 950 1
23 2262 1
23 424 1
23 607 4
23 704 1
24 558 1
24 31 4
24 275 1
24 70 1
24 564 1
24 1345 4
24 766 1
24 15 1
24 1192 1
24 1223 1
24 450 1
24 845 2
24 848 21
24 10 3
24 2066 1
24 510 1
24 694 1
24 2270 1
24 727 2
24 2160 1
24 2153 1
24 1302 1
24 377 1
24 888 1
24 349 1
24 1653 1
24 571 2
24 113 1
24 428 1
24 14 2
24 430 1
24 336 1
24 647 1
24 72 3
24 981 3
24 66 2
24 811 1
24 197 1
24 1471 1
24 916 1
24 1058 1
24 494 1
24 547 1
24 938 1
24 1079 1
24 1791 2
24 417 1
24 272 1
24 932 2
24 217 1
24 347 1
24 1176 1
24 1188 1
24 144 1
24 177 2
24 139 1
24 1875 1
24 103 1
24 1899 2
24 130 1
24 1478 1
24 501 2
24 153 2
24 1915 1
24 829 1
24 970 2
24 753 1
24 22 5
24 363 2
24 746 1
24 485 2
24 554 1
24 975 1
24 685 1
24 20 1
24 678 1
24 679 1
24 287 2
24 118 1
24 73 1
24 239 1
24 1754 1
24 229 1
24 298 1
24 114 1
24 446 1
24 102 1
24 200 1
24 1606 1
24 378 1
24 151 3
24 341 1
24 578 2
24 1893 1
24 106 2
24 700 1
24 213 2
24 1798 2
24 421 1
24 952 1
24 562 2
24 63 2
24 96 1
24 730 1
24 687 7
24 656 2
24 44 2
24 228 3
24 909 1
24 692 1
24 1533 1
24 2046 1
24 337 1
24 299 1
24 24 1
24 483 1
24 1035 2
24 1264 1
24 1384 1
24 1364 1
24 2346 2
24 327 1
24 1905 1
24 1402 1
24 561 2
24 693 2
24 435 1
24 35 1
24 517 2
24 471 1
24 361 1
24 651 1
24 316 1
24 295 1
24 264 1
24 2101 1
24 383 1
24 397 1
24 835 1
24 2033 1
24 2173 1
24 954 1
24 406 5
24 199 1
24 1025 3
24 328 19
24 26 1
24 2278 1
24 666 1
24 2330 1
24 94 1
24 399 1
24 918 2
24 600 1
24 2107 1
24 108 2
24 242 1
24 1010 1
24 150 1
24 528 3
24 342 2
24 2146 1
24 77 1
24 105 4
24 1180 1
24 982 3
24 274 2
24 156 1
24 64 2
24 514 1
24 137 1
24 80 2
24 907 1
24 1066 1
24 370 4
24 203 2
24 1078 1
24 345 6
24 1411 1
24 1209 1
24 894 1
24 748 1
24 267 1
24 855 1
24 111 1
24 914 1
24 318 2
24 223 1
24 186 1
24 645 1
24 78 1
24 351 1
24 125 1
24 425 1
24 541 2
24 368 5
24 1434 2
24 2420 1
24 208 1
24 1416 1
24 1117 1
24 427 1
24 6 2
24 79 1
24 25 1
24 456 1
24 695 1
24 2496 1
24 1829 19
24 842 2
24 670 1
24 1181 1
24 1446 1
24 166 2
24 359 1
24 609 1
24 591 1
24 49 2
24 303 1
24 1075 3
24 481 1
24 65 1
24 292 1
24 1610 1
24 1325 1
24 321 1
24 681 1
24 1894 1
24 140 1
24 2408 1
24 29 1
24 908 1
24 1484 1
24 978 1
24 127 1
24 465 2
24 309 1
24 302 3
24 191 1
24 249 1
24 420 1
24 686 1
24 1322 1
24 52 1
24 1464 1
24 702 3
24 1436 1
24 317 2
24 1728 1
24 12 1
24 2479 1
24 950 1
24 331 1
24 2379 1
24 37 7
24 1216 1
24 3 2
25 20 1
25 164 1
25 1283 1
25 6 2
25 25 1
25 226 1
25 2156 1
25 79 3
25 1 1
25 519 1
25 434 1
25 143 1
25 15 1
25 54 1
25 409 2
25 127 1
25 1863 1
25 73 1
25 155 1
25 107 1
25 229 2
25 217 1
25 114 1
25 13 1
25 376 1
25 68 1
25 318 1
25 632 1
25 921 1
25 150 1
25 857 1
25 1365 2
25 149 4
25 342 1
25 1983 2
25 467 1
25 1023 3
25 238 1
25 286 1
25 47 1
25 21 1
25 12 1
25 354 1
25 5 1
25 158 3
25 2283 1
25 35 1
25 1583 1
25 182 1
25 212 1
25 93 1
25 113 1
25 815 1
25 8 3
25 40 3
25 301 1
25 410 1
25 36 1
25 61 2
26 835 1
26 62 1
26 89 2
26 976 1
26 335 1
26 1866 1
26 161 1
26 521 1
26 1124 1
26 245 1
26 73 1
26 94 1
26 193 1
26 1865 1
26 114 3
26 1371 1
26 721 1
26 342 1
26 151 1
26 1138 3
26 141 1
26 1289 2
26 1221 1
26 90 1
26 1131 1
26 700 1
26 768 1
26 507 1
26 930 1
26 132 1
26 1302 1
26 11 1
26 311 1
26 1327 1
26 55 2
26 72 1
26 259 1
26 655 1
26 469 1
26 164 1
26 1572 1
26 67 1
26 1062 1
26 1 1
26 400 1
26 352 1
26 185 1
26 155 1
26 82 1
26 595 1
26 48 1
26 23 1
26 677 1
26 515 1
26 645 1
26 1037 1
26 1712 1
26 961 1
26 445 1
26 78 1
26 280 5
26 638 1
26 351 2
26 45 2
26 22 2
26 5 1
26 1376 1
26 950 1
26 949 3
26 84 1
26 576 1
26 496 1
26 8 1
26 424 1
26 366 1
26 36 1
26 538 2
26 1028 1
26 269 1
26 241 1
27 20 1
27 70 2
27 25 1
27 26 1
27 532 1
27 107 1
27 2075 4
27 2314 1
27 90 1
27 990 2
27 557 1
27 336 1
27 197 2
27 1494 1
27 128 1
27 16 1
27 1275 1
27 29 1
27 653 1
27 1411 1
27 24 1
27 39 3
27 969 1
27 1729 1
27 5 1
27 2487 1
27 84 1
27 1014 1
27 1287 1
28 126 4
28 31 6
28 89 4
28 205 2
28 70 3
28 941 1
28 890 1
28 43 2
28 586 1
28 26 2
28 740 1
28 56 4
28 462 8
28 19 7
28 150 1
28 88 6
28 848 1
28 10 1
28 2488 1
28 286 1
28 1420 1
28 1018 4
28 440 1
28 664 1
28 92 1
28 156 2
28 324 1
28 64 1
28 196 1
28 290 1
28 852 1
28 113 1
28 210 3
28 59 2
28 526 1
28 1200 2
28 72 1
28 458 1
28 85 3
28 310 1
28 61 2
28 2169 1
28 1494 1
28 388 1
28 910 3
28 1 12
28 2191 1
28 109 2
28 912 1
28 1863 1
28 2085 4
28 227 1
28 932 1
28 167 3
28 183 1
28 13 6
28 68 4
28 818 1
28 171 2
28 23 3
28 103 2
28 1875 2
28 233 1
28 1134 1
28 753 1
28 1005 1
28 22 1
28 1527 1
28 354 2
28 237 1
28 158 1
28 635 1
28 576 2
28 485 1
28 1562 1
28 1002 3
28 2242 1
28 36 1
28 255 1
28 685 2
28 4 4
28 62 1
28 79 1
28 25 1
28 118 3
28 520 2
28 161 1
28 71 1
28 254 1
28 789 2
28 73 1
28 1167 1
28 60 4
28 114 1
28 1000 1
28 1488 1
28 9 3
28 112 4
28 151 2
28 188 1
28 141 1
28 206 1
28 578 1
28 359 1
28 1131 1
28 86 1
28 96 3
28 11 3
28 764 1
28 896 1
28 509 1
28 529 1
28 55 1
28 228 1
28 448 1
28 404 1
28 18 1
28 364 1
28 273 2
28 236 2
28 502 3
28 69 4
28 314 2
28 0 15
28 115 7
28 908 2
28 299 1
28 964 1
28 615 1
28 27 6
28 882 2
28 39 1
28 483 1
28 927 1
28 58 1
28 420 3
28 622 1
28 129 6
28 244 1
28 121 5
28 21 2
28 317 1
28 1063 1
28 12 3
28 5 11
28 184 1
28 35 3
28 2 6
28 331 1
28 93 5
28 596 1
28 8 2
28 1685 1
28 37 1
28 295 1
28 316 1
28 410 3
28 195 1
28 241 1
29 397 1
29 891 1
29 1676 1
29 31 3
29 117 1
29 70 1
29 958 1
29 2205 1
29 849 4
29 15 1
29 2105 1
29 524 1
29 2337 2
29 54 4
29 26 2
29 160 2
29 189 1
29 1832 2
29 258 1
29 297 2
29 94 2
29 19 3
29 242 1
29 2016 6
29 721 2
29 30 5
29 1668 4
29 10 4
29 286 1
29 77 1
29 1926 1
29 92 1
29 1206 2
29 2449 5
29 674 2
29 1232 1
29 137 1
29 14 1
29 59 1
29 1327 1
29 72 2
29 100 1
29 310 1
29 822 3
29 902 1
29 370 1
29 66 1
29 164 1
29 288 2
29 128 5
29 1 3
29 16 6
29 326 3
29 844 1
29 2191 1
29 185 2
29 109 5
29 2237 3
29 227 1
29 589 1
29 167 4
29 2467 3
29 13 3
29 68 5
29 190 1
29 144 2
29 48 2
29 1296 3
29 223 1
29 186 1
29 2051 1
29 222 1
29 180 1
29 2056 6
29 281 1
29 1358 2
29 800 1
29 973 3
29 261 17
29 1419 2
29 22 3
29 2087 1
29 125 3
29 158 1
29 237 6
29 2489 2
29 425 1
29 635 1
29 368 1
29 1562 1
29 252 2
29 159 1
29 508 1
29 554 1
29 1132 2
29 208 1
29 36 5
29 1287 1
29 1841 3
29 620 2
29 20 1
29 553 1
29 427 2
29 6 6
29 1601 1
29 335 7
29 118 2
29 520 2
29 1331 1
29 243 5
29 71 1
29 161 1
29 820 3
29 178 1
29 779 1
29 879 3
29 382 11
29 2437 1
29 350 3
29 2065 1
29 73 2
29 245 1
29 998 1
29 2226 1
29 487 1
29 276 2
29 1000 1
29 1211 1
29 937 2
29 1337 1
29 188 2
29 1528 1
29 1349 1
29 1080 1
29 90 1
29 265 1
29 578 2
29 359 3
29 86 7
29 480 4
29 507 1
29 49 1
29 475 2
29 11 1
29 405 1
29 40 1
29 1625 1
29 51 1
29 764 1
29 948 1
29 172 1
29 55 4
29 228 2
29 2275 1
29 448 1
29 506 6
29 404 1
29 657 3
29 236 10
29 502 3
29 69 7
29 308 5
29 187 1
29 67 2
29 637 1
29 0 10
29 29 3
29 945 3
29 299 2
29 127 2
29 24 5
29 251 1
29 1004 1
29 27 1
29 309 1
29 82 1
29 1470 1
29 58 1
29 2064 1
29 622 2
29 677 2
29 2497 1
29 1069 5
29 2335 4
29 863 1
29 12 2
29 104 2
29 300 1
29 1050 1
29 5 10
29 35 1
29 2 15
29 596 1
29 93 5
29 8 4
29 37 1
29 361 1
29 567 1
29 316 2
29 744 1
29 704 3
30 89 1
30 70 1
30 17 2
30 43 1
30 556 1
30 10 2
30 933 1
30 1243 1
30 92 1
30 768 1
30 377 1
30 260 1
30 14 2
30 518 2
30 16 1
30 770 1
30 707 1
30 109 1
30 248 1
30 167 1
30 344 1
30 2457 1
30 233 1
30 343 1
30 95 2
30 478 2
30 949 1
30 485 1
30 650 1
30 2282 1
30 208 1
30 62 1
30 6 1
30 226 1
30 25 1
30 179 3
30 161 1
30 114 1
30 102 1
30 1400 1
30 141 1
30 90 3
30 49 1
30 96 4
30 40 1
30 18 2
30 53 1
30 24 2
30 127 1
30 1004 1
30 285 1
30 588 1
30 58 1
30 1114 1
30 277 1
30 1406 1
30 121 1
30 280 1
30 460 1
30 2 1
30 808 4
30 1102 1
30 316 2
30 33 2
30 492 1
31 2173 1
31 101 2
31 936 4
31 124 1
31 729 1
31 54 1
31 26 1
31 189 1
31 232 2
31 713 1
31 19 2
31 230 3
31 108 1
31 1805 1
31 610 1
31 147 4
31 848 1
31 10 1
31 474 1
31 977 1
31 92 1
31 763 1
31 105 1
31 274 1
31 64 1
31 1908 1
31 290 2
31 137 2
31 1161 1
31 210 4
31 14 8
31 80 1
31 1499 1
31 458 4
31 72 2
31 1869 2
31 75 2
31 61 4
31 1157 1
31 66 5
31 2307 2
31 138 1
31 824 1
31 1 1
31 910 1
31 584 1
31 16 2
31 434 2
31 1153 1
31 1994 13
31 1600 1
31 1953 3
31 13 1
31 134 1
31 111 1
31 171 1
31 144 2
31 23 2
31 223 3
31 103 2
31 233 1
31 2059 1
31 120 2
31 1634 2
31 951 1
31 2099 1
31 343 1
31 1721 1
31 2162 1
31 22 1
31 158 1
31 237 2
31 425 1
31 250 2
31 2258 2
31 1562 1
31 252 2
31 1036 1
31 208 3
31 999 1
31 36 2
31 809 1
31 42 1
31 4 5
31 454 2
31 6 17
31 25 1
31 599 1
31 192 1
31 335 1
31 459 1
31 722 1
31 71 1
31 695 1
31 73 2
31 1333 1
31 107 7
31 91 1
31 200 4
31 231 1
31 112 4
31 1208 2
31 151 2
31 206 1
31 141 1
31 861 1
31 1882 1
31 669 1
31 540 1
31 624 1
31 40 1
31 51 7
31 783 1
31 509 1
31 896 7
31 18 4
31 448 13
31 865 1
31 53 3
31 2222 1
31 69 3
31 187 2
31 681 1
31 0 1
31 135 11
31 140 1
31 127 1
31 1438 1
31 24 1
31 119 1
31 39 1
31 489 1
31 1255 1
31 52 7
31 244 1
31 21 1
31 45 1
31 317 1
31 398 1
31 12 1
31 300 3
31 5 1
31 2 4
31 331 1
31 8 4
31 295 1
31 1061 1
31 264 2
31 527 1
31 170 1
32 126 4
32 31 6
32 89 4
32 205 2
32 70 3
32 941 1
32 890 1
32 43 2
32 586 1
32 26 2
32 740 1
32 56 4
32 462 8
32 19 7
32 150 1
32 88 6
32 848 1
32 10 1
32 2488 1
32 286 1
32 1420 1
32 1018 4
32 440 1
32 664 1
32 92 1
32 156 2
32 324 1
32 64 1
32 196 1
32 290 1
32 852 1
32 113 1
32 210 3
32 59 2
32 526 1
32 1200 2
32 72 1
32 458 1
32 85 3
32 310 1
32 61 2
32 2169 1
32 388 1
32 910 3
32 1 12
32 2191 1
32 109 2
32 912 1
32 1863 1
32 2085 4
32 227 1
32 932 1
32 167 3
32 183 1
32 13 6
32 68 4
32 818 1
32 171 2
32 23 3
32 103 2
32 1875 2
32 233 1
32 1134 1
32 753 1
32 1005 1
32 22 1
32 1527 1
32 354 2
32 237 1
32 158 1
32 635 1
32 576 2
32 485 1
32 1562 1
32 1002 3
32 2242 1
32 36 1
32 255 1
32 685 2
32 4 4
32 62 1
32 79 1
32 25 1
32 118 3
32 520 2
32 161 1
32 71 1
32 254 1
32 73 1
32 789 2
32 60 4
32 1167 1
32 114 1
32 1000 1
32 1488 1
32 9 3
32 112 4
32 151 2
32 188 1
32 206 1
32 141 1
32 578 1
32 359 1
32 86 1
32 1131 1
32 96 3
32 11 3
32 764 1
32 896 1
32 509 1
32 55 1
32 529 1
32 228 1
32 448 1
32 404 1
32 18 1
32 364 1
32 273 2
32 236 2
32 502 3
32 69 4
32 314 2
32 0 15
32 115 7
32 908 2
32 615 1
32 964 1
32 299 1
32 882 2
32 27 6
32 39 1
32 483 1
32 927 1
32 58 1
32 420 3
32 622 1
32 129 6
32 244 1
32 121 5
32 21 2
32 317 1
32 1063 1
32 12 3
32 5 11
32 184 1
32 2 6
32 35 3
32 596 1
32 93 5
32 331 1
32 8 2
32 1685 1
32 37 1
32 316 1
32 295 1
32 410 3
32 195 1
32 241 1
33 19 2
33 274 1
33 1908 1
33 14 2
33 128 1
33 201 1
33 223 1
33 233 1
33 20 1
33 161 1
33 73 1
33 689 1
33 60 2
33 265 1
33 90 1
33 76 5
33 2283 1
33 11 1
33 18 2
33 53 1
33 314 1
33 0 1
33 299 1
33 50 1
33 2101 1
34 70 1
34 17 2
34 26 1
34 453 1
34 887 1
34 931 1
34 14 1
34 326 3
34 759 1
34 167 1
34 1258 1
34 144 1
34 1251 1
34 36 2
34 32 2
34 20 2
34 1793 1
34 1121 1
34 422 1
34 1182 1
34 1021 1
34 38 2
34 1639 1
34 266 1
34 142 2
34 863 1
34 1099 1
34 33 2
35 31 1
35 89 2
35 2399 1
35 70 1
35 117 1
35 205 1
35 101 1
35 958 1
35 2042 1
35 330 1
35 199 1
35 375 1
35 766 1
35 15 6
35 328 1
35 43 1
35 1124 2
35 26 1
35 666 1
35 189 1
35 232 1
35 462 1
35 94 1
35 56 3
35 193 3
35 19 13
35 162 1
35 1309 1
35 242 2
35 108 3
35 1249 1
35 845 2
35 696 1
35 10 10
35 467 1
35 1688 1
35 2306 1
35 440 1
35 664 1
35 412 1
35 1183 1
35 156 2
35 64 4
35 377 1
35 888 3
35 571 1
35 934 1
35 349 1
35 196 2
35 202 1
35 198 1
35 225 1
35 57 1
35 2155 1
35 152 7
35 80 1
35 430 1
35 59 1
35 860 1
35 336 1
35 100 1
35 370 1
35 981 1
35 66 1
35 164 4
35 197 2
35 128 1
35 824 1
35 16 3
35 1 7
35 434 2
35 676 2
35 494 2
35 146 1
35 1669 1
35 709 1
35 1209 1
35 932 1
35 217 1
35 464 2
35 1611 1
35 13 4
35 48 2
35 23 2
35 1818 1
35 139 1
35 1254 1
35 180 1
35 501 1
35 78 1
35 22 9
35 354 1
35 552 1
35 252 1
35 1024 1
35 278 1
35 960 1
35 554 1
35 2211 1
35 1036 2
35 7 1
35 366 3
35 715 4
35 497 2
35 1483 1
35 36 1
35 371 2
35 42 1
35 269 1
35 4 19
35 537 1
35 62 5
35 2206 1
35 679 2
35 719 1
35 942 1
35 192 2
35 98 3
35 456 2
35 161 2
35 382 1
35 409 1
35 73 2
35 239 1
35 358 1
35 1167 1
35 107 1
35 1333 1
35 1121 1
35 1184 1
35 376 1
35 446 1
35 716 3
35 378 2
35 231 3
35 2148 1
35 9 4
35 1034 1
35 1361 2
35 1318 1
35 206 2
35 1390 2
35 265 2
35 1276 2
35 393 2
35 1055 1
35 1617 1
35 359 1
35 1093 2
35 513 1
35 930 1
35 1214 1
35 220 1
35 49 1
35 562 1
35 38 1
35 1423 1
35 1537 1
35 96 2
35 40 4
35 730 1
35 11 2
35 1075 1
35 1173 2
35 880 1
35 656 1
35 896 1
35 1553 4
35 311 2
35 55 2
35 2167 1
35 448 2
35 18 1
35 259 1
35 657 1
35 1203 1
35 308 1
35 1635 1
35 769 1
35 468 2
35 314 1
35 352 1
35 0 10
35 115 5
35 337 1
35 140 1
35 29 1
35 2037 1
35 569 2
35 760 1
35 1503 1
35 251 1
35 285 1
35 39 9
35 133 2
35 191 1
35 249 2
35 1336 1
35 58 1
35 307 2
35 495 2
35 149 4
35 270 1
35 244 2
35 606 1
35 1111 1
35 542 1
35 21 5
35 157 2
35 362 1
35 899 1
35 45 5
35 317 2
35 12 1
35 104 1
35 300 2
35 5 2
35 693 1
35 2 8
35 35 11
35 182 2
35 8 4
35 145 1
35 50 3
35 471 3
35 37 3
35 1984 1
35 295 2
35 527 1
35 170 1
36 126 3
36 89 5
36 275 4
36 1800 1
36 70 3
36 564 1
36 1830 1
36 330 3
36 559 1
36 936 3
36 890 4
36 579 1
36 766 1
36 729 2
36 15 2
36 2069 1
36 83 2
36 2172 1
36 193 1
36 56 1
36 462 1
36 258 2
36 367 5
36 423 1
36 219 1
36 453 1
36 162 3
36 1805 1
36 721 1
36 88 3
36 848 1
36 10 9
36 933 3
36 207 1
36 664 3
36 1243 9
36 92 3
36 864 1
36 947 1
36 349 2
36 113 1
36 441 1
36 198 2
36 225 3
36 57 1
36 14 4
36 336 2
36 72 1
36 100 9
36 1115 1
36 66 3
36 138 10
36 1588 1
36 197 3
36 916 1
36 584 2
36 726 1
36 494 3
36 738 1
36 1669 1
36 661 1
36 279 4
36 417 2
36 932 1
36 1953 4
36 167 1
36 1880 1
36 248 2
36 464 1
36 134 1
36 13 2
36 818 1
36 144 2
36 788 1
36 833 1
36 23 3
36 2045 1
36 139 1
36 284 1
36 2051 1
36 103 7
36 180 2
36 233 1
36 384 2
36 313 1
36 1215 3
36 1634 1
36 153 1
36 22 3
36 478 1
36 746 2
36 552 1
36 1666 1
36 325 1
36 1562 3
36 2211 1
36 1036 4
36 1047 1
36 1820 1
36 36 6
36 999 1
36 1716 1
36 1060 1
36 42 2
36 269 2
36 4 3
36 484 2
36 2339 4
36 2004 1
36 537 1
36 1838 1
36 287 1
36 192 2
36 942 2
36 459 1
36 118 3
36 161 2
36 779 2
36 432 1
36 2065 1
36 350 4
36 594 1
36 73 6
36 239 1
36 333 1
36 985 1
36 689 1
36 229 2
36 114 1
36 376 1
36 102 1
36 200 2
36 378 1
36 112 1
36 1535 1
36 1687 7
36 151 1
36 1138 2
36 1291 1
36 341 1
36 90 15
36 1746 1
36 1152 1
36 534 1
36 86 1
36 480 1
36 76 9
36 1457 1
36 213 1
36 1623 1
36 2286 1
36 540 1
36 1218 1
36 562 3
36 63 6
36 1423 2
36 96 13
36 416 1
36 1703 3
36 11 10
36 40 11
36 2343 2
36 51 6
36 880 1
36 687 2
36 656 1
36 311 1
36 301 3
36 369 1
36 1635 5
36 187 2
36 67 2
36 314 1
36 401 3
36 0 5
36 135 2
36 115 4
36 415 1
36 1196 1
36 143 4
36 337 1
36 379 1
36 299 2
36 964 2
36 24 3
36 285 1
36 119 2
36 82 1
36 483 2
36 1035 1
36 1252 1
36 895 2
36 1643 1
36 1195 1
36 1463 2
36 1516 4
36 216 1
36 1084 1
36 238 4
36 121 5
36 772 2
36 142 1
36 21 2
36 280 2
36 268 2
36 45 10
36 398 2
36 234 9
36 300 2
36 732 1
36 5 6
36 693 2
36 561 3
36 2267 1
36 35 5
36 212 2
36 1621 1
36 471 2
36 455 1
36 438 2
36 361 8
36 651 2
36 1061 3
36 974 1
36 790 1
36 2101 1
36 170 6
36 891 1
36 2198 1
36 954 1
36 941 1
36 385 6
36 1375 1
36 1456 1
36 199 2
36 365 1
36 124 1
36 1431 1
36 521 2
36 1929 1
36 43 1
36 586 1
36 1124 3
36 26 6
36 1006 2
36 1442 1
36 160 2
36 581 2
36 94 1
36 1645 1
36 1865 1
36 600 2
36 19 21
36 743 2
36 230 2
36 108 4
36 1309 1
36 1982 1
36 150 1
36 528 5
36 342 14
36 556 1
36 699 1
36 77 1
36 474 3
36 1379 1
36 412 1
36 856 1
36 2315 1
36 105 1
36 1742 1
36 1965 1
36 1095 2
36 2074 2
36 64 1
36 196 1
36 1241 1
36 137 1
36 2438 1
36 80 1
36 59 4
36 1244 1
36 458 3
36 791 1
36 655 6
36 288 1
36 164 8
36 1 3
36 16 2
36 910 1
36 770 3
36 434 1
36 2157 1
36 1273 1
36 883 1
36 109 5
36 1411 1
36 146 4
36 332 1
36 972 1
36 227 1
36 759 1
36 589 7
36 862 2
36 748 2
36 322 3
36 1290 1
36 111 1
36 344 2
36 318 9
36 544 1
36 223 1
36 186 1
36 515 15
36 645 1
36 755 1
36 668 7
36 78 1
36 120 1
36 638 2
36 351 1
36 343 5
36 493 10
36 2213 1
36 125 2
36 1033 1
36 425 2
36 250 1
36 541 1
36 368 1
36 252 1
36 2194 1
36 278 2
36 650 2
36 175 2
36 208 8
36 628 1
36 2242 1
36 255 1
36 2054 6
36 116 1
36 1586 1
36 62 2
36 6 8
36 2474 1
36 226 2
36 599 1
36 976 1
36 98 1
36 456 1
36 71 2
36 525 1
36 805 2
36 499 1
36 296 2
36 962 1
36 2021 2
36 917 1
36 181 3
36 1412 1
36 2178 3
36 107 8
36 1121 1
36 276 2
36 2415 2
36 1274 1
36 231 1
36 461 1
36 9 3
36 1855 1
36 1208 1
36 141 8
36 1650 1
36 262 5
36 631 1
36 47 2
36 957 1
36 132 6
36 289 1
36 303 1
36 2430 1
36 49 5
36 630 1
36 853 1
36 546 1
36 1987 2
36 1408 2
36 257 2
36 481 1
36 509 1
36 796 1
36 55 8
36 65 2
36 448 8
36 18 7
36 292 1
36 53 4
36 273 1
36 548 1
36 658 1
36 469 1
36 1325 1
36 468 1
36 681 1
36 352 1
36 165 1
36 574 2
36 374 2
36 29 1
36 569 1
36 908 1
36 1814 1
36 1038 1
36 787 1
36 1879 1
36 127 1
36 251 1
36 465 1
36 39 7
36 588 1
36 191 2
36 1114 1
36 686 1
36 1366 1
36 149 1
36 1701 1
36 1322 1
36 1037 3
36 52 1
36 1023 3
36 244 2
36 1912 1
36 266 2
36 2189 1
36 1133 1
36 317 1
36 12 2
36 1728 1
36 1425 1
36 256 1
36 472 1
36 924 1
36 84 30
36 184 1
36 2 15
36 808 1
36 331 3
36 8 3
36 407 1
36 37 1
36 1718 1
36 527 2
36 780 1
36 602 3
36 2340 1
36 944 1
36 241 2
37 89 1
37 559 1
37 1177 1
37 15 2
37 83 1
37 258 4
37 30 2
37 291 1
37 14 2
37 794 1
37 1079 1
37 123 2
37 1691 1
37 1716 1
37 114 2
37 200 1
37 1687 1
37 1318 1
37 341 1
37 2250 1
37 90 1
37 86 1
37 213 1
37 11 1
37 301 2
37 236 1
37 692 1
37 314 1
37 0 1
37 115 1
37 964 1
37 24 4
37 495 2
37 2346 1
37 238 2
37 21 1
37 732 1
37 50 1
37 361 1
37 1032 1
37 474 1
37 274 1
37 59 1
37 1 1
37 1481 1
37 828 1
37 344 1
37 1365 1
37 2059 1
37 125 2
37 252 1
37 650 1
37 955 1
37 79 1
37 98 1
37 1944 2
37 1987 2
37 448 1
37 18 1
37 787 2
37 402 2
37 1004 1
37 27 1
37 39 2
37 317 1
37 1063 2
37 924 1
37 8 1
37 407 3
38 1680 1
38 88 1
38 14 1
38 526 1
38 61 1
38 360 3
38 775 1
38 788 2
38 857 1
38 103 1
38 95 1
38 42 2
38 161 1
38 239 1
38 689 1
38 487 3
38 414 1
38 151 1
38 40 3
38 311 1
38 1533 1
38 1939 1
38 285 1
38 543 1
38 157 4
38 1967 1
38 295 1
38 444 1
38 17 1
38 586 1
38 399 1
38 19 2
38 150 1
38 440 1
38 64 1
38 1207 2
38 146 1
38 332 1
38 530 1
38 344 1
38 171 1
38 1051 1
38 281 2
38 237 1
38 255 1
38 2475 1
38 32 1
38 62 1
38 499 1
38 107 1
38 1430 1
38 231 3
38 1803 1
38 1004 1
38 27 3
38 39 1
38 420 4
39 89 1
39 804 1
39 219 1
39 315 1
39 610 1
39 903 1
39 210 1
39 14 1
39 152 1
39 61 1
39 197 1
39 279 1
39 470 1
39 464 1
39 95 1
39 949 1
39 685 1
39 118 2
39 689 2
39 739 1
39 114 2
39 1179 1
39 1996 1
39 378 1
39 414 1
39 443 1
39 562 1
39 11 1
39 1703 1
39 67 1
39 135 1
39 640 1
39 24 1
39 1774 1
39 772 1
39 204 1
39 21 1
39 877 2
39 234 1
39 212 2
39 1477 1
39 361 1
39 365 1
39 43 1
39 997 1
39 297 1
39 1018 1
39 440 3
39 2184 1
39 59 1
39 146 1
39 322 1
39 111 1
39 2110 1
39 261 1
39 250 2
39 2194 1
39 116 4
39 1283 1
39 6 1
39 25 1
39 599 1
39 178 1
39 499 2
39 254 1
39 9 1
39 141 1
39 513 1
39 2122 1
39 257 2
39 2218 1
39 1639 1
39 191 1
39 266 1
39 407 2
39 241 1
39 2340 1
40 31 1
40 89 1
40 70 1
40 15 1
40 162 1
40 10 2
40 1629 1
40 510 1
40 1243 1
40 864 1
40 57 3
40 14 1
40 430 1
40 72 1
40 100 1
40 197 2
40 824 1
40 726 1
40 782 1
40 248 1
40 13 1
40 284 1
40 1268 1
40 363 1
40 939 1
40 194 2
40 537 1
40 118 1
40 161 1
40 879 1
40 2321 2
40 114 1
40 376 1
40 446 1
40 200 1
40 1318 1
40 901 1
40 826 1
40 76 1
40 11 1
40 51 1
40 299 1
40 24 1
40 2064 1
40 495 1
40 238 1
40 41 1
40 204 1
40 1575 1
40 234 2
40 693 1
40 93 1
40 50 2
40 1676 1
40 2173 1
40 444 1
40 124 1
40 1540 1
40 43 2
40 745 1
40 1749 1
40 230 1
40 989 1
40 931 4
40 274 2
40 202 1
40 2080 1
40 431 1
40 1 1
40 16 1
40 813 1
40 972 1
40 227 1
40 111 1
40 68 1
40 190 2
40 544 1
40 171 1
40 250 1
40 252 1
40 6 1
40 25 1
40 226 1
40 71 1
40 296 1
40 91 1
40 716 1
40 9 2
40 513 1
40 49 1
40 475 1
40 711 1
40 405 1
40 53 1
40 69 1
40 1004 1
40 191 1
40 588 6
40 149 1
40 52 1
40 2246 1
40 596 1
40 145 1
40 8 2
40 163 1
41 558 2
41 126 1
41 31 8
41 275 1
41 89 1
41 70 1
41 117 1
41 564 2
41 101 1
41 2233 1
41 519 1
41 15 7
41 54 7
41 1019 1
41 2172 1
41 56 1
41 1272 1
41 423 1
41 367 1
41 1737 1
41 88 10
41 1020 2
41 30 10
41 10 4
41 1420 1
41 1453 2
41 291 1
41 1183 1
41 349 3
41 113 1
41 2202 1
41 210 3
41 683 1
41 14 1
41 381 1
41 72 1
41 61 1
41 138 1
41 388 2
41 128 2
41 824 1
41 2144 1
41 319 2
41 1079 2
41 673 2
41 991 1
41 248 1
41 217 1
41 705 1
41 167 6
41 183 1
41 13 6
41 969 1
41 893 1
41 23 3
41 2051 1
41 123 2
41 103 1
41 1307 2
41 180 2
41 233 1
41 593 1
41 306 1
41 22 1
41 1527 1
41 1666 1
41 36 10
41 42 1
41 620 1
41 942 1
41 118 2
41 520 2
41 779 1
41 1432 1
41 689 2
41 1167 1
41 114 2
41 1288 1
41 376 1
41 102 1
41 414 1
41 1679 1
41 718 1
41 112 8
41 151 1
41 188 3
41 826 2
41 1390 1
41 534 1
41 11 2
41 40 2
41 730 2
41 51 3
41 311 2
41 773 1
41 228 1
41 404 1
41 236 5
41 369 1
41 308 1
41 187 1
41 67 1
41 2058 2
41 874 1
41 314 2
41 566 1
41 0 14
41 115 1
41 415 1
41 2418 1
41 1257 1
41 615 1
41 299 1
41 24 7
41 1725 1
41 622 2
41 2381 1
41 280 1
41 268 3
41 45 3
41 5 1
41 996 1
41 93 3
41 212 1
41 50 2
41 1378 1
41 170 4
41 915 2
41 2495 1
41 406 1
41 365 1
41 26 1
41 160 2
41 297 1
41 743 1
41 19 1
41 230 1
41 632 2
41 2239 1
41 980 1
41 286 1
41 77 2
41 293 1
41 2170 1
41 64 3
41 137 1
41 80 1
41 1499 1
41 59 1
41 1413 1
41 320 1
41 85 1
41 283 4
41 902 1
41 1675 1
41 288 2
41 1387 1
41 164 1
41 16 3
41 1 20
41 400 1
41 807 1
41 1273 1
41 109 1
41 1708 1
41 227 1
41 759 2
41 1918 2
41 68 2
41 1469 1
41 1877 1
41 1455 2
41 222 1
41 1282 2
41 419 1
41 237 1
41 1136 1
41 1103 3
41 2223 1
41 447 1
41 371 1
41 809 1
41 169 1
41 1768 1
41 62 2
41 6 8
41 25 1
41 79 1
41 886 1
41 1874 1
41 456 1
41 1300 1
41 178 1
41 695 1
41 254 1
41 296 1
41 1250 1
41 1000 2
41 1191 1
41 555 1
41 1595 1
41 9 6
41 1337 1
41 1803 1
41 166 1
41 47 3
41 2483 1
41 2256 2
41 957 1
41 475 1
41 2458 2
41 55 2
41 18 2
41 69 2
41 469 1
41 321 1
41 1008 1
41 29 3
41 140 6
41 402 1
41 2047 1
41 133 1
41 74 1
41 1366 2
41 129 10
41 490 1
41 12 10
41 756 1
41 2 9
41 596 1
41 1155 1
41 8 2
41 1514 1
41 1599 2
41 831 1
42 31 1
42 70 1
42 101 1
42 15 1
42 232 1
42 423 1
42 315 1
42 1249 1
42 610 1
42 57 1
42 197 1
42 138 1
42 547 1
42 2019 1
42 279 2
42 167 1
42 201 2
42 183 1
42 13 1
42 23 1
42 384 1
42 22 3
42 36 2
42 269 1
42 685 1
42 194 2
42 4 2
42 20 1
42 679 1
42 722 1
42 432 1
42 239 2
42 446 2
42 1318 2
42 2038 1
42 90 1
42 1214 1
42 952 2
42 816 1
42 96 5
42 40 1
42 11 5
42 2138 1
42 308 1
42 1521 7
42 24 3
42 238 1
42 268 1
42 45 1
42 234 1
42 5 1
42 182 1
42 93 2
42 1102 2
42 567 1
42 264 1
42 43 1
42 1124 1
42 586 2
42 399 1
42 19 4
42 934 1
42 80 1
42 655 1
42 164 3
42 1 2
42 16 3
42 434 1
42 400 1
42 813 1
42 759 1
42 68 14
42 493 1
42 125 1
42 278 1
42 208 2
42 6 2
42 335 1
42 98 1
42 254 1
42 1199 2
42 107 1
42 276 3
42 1191 1
42 1769 1
42 670 2
42 206 1
42 166 1
42 990 1
42 509 1
42 529 1
42 2156 1
42 374 5
42 1087 7
42 29 1
42 2037 1
42 39 2
42 1162 2
42 1628 1
42 1255 1
42 266 1
42 2 2
42 808 1
42 8 1
43 101 1
43 2036 1
43 15 1
43 729 1
43 516 1
43 30 5
43 1243 1
43 1302 2
43 290 2
43 72 1
43 2005 1
43 388 1
43 13 1
43 284 2
43 1466 1
43 22 2
43 1002 5
43 1483 1
43 269 1
43 1459 1
43 585 1
43 243 1
43 73 1
43 333 1
43 487 1
43 1497 1
43 188 1
43 2038 1
43 86 1
43 40 1
43 11 3
43 1703 1
43 51 3
43 1635 1
43 24 2
43 1774 2
43 82 1
43 176 2
43 677 1
43 21 1
43 234 1
43 93 1
43 974 1
43 1128 1
43 1538 1
43 199 1
43 1017 1
43 1422 1
43 26 1
43 160 1
43 94 1
43 230 1
43 274 2
43 137 2
43 283 1
43 902 1
43 1387 1
43 16 1
43 1 3
43 707 1
43 883 1
43 1994 1
43 227 1
43 748 1
43 68 1
43 186 10
43 222 1
43 281 1
43 351 1
43 493 1
43 208 2
43 809 1
43 25 1
43 181 1
43 107 14
43 9 1
43 47 1
43 2177 1
43 765 4
43 448 1
43 69 3
43 140 2
43 2037 1
43 588 9
43 808 2
43 596 1
43 145 2
44 126 3
44 101 1
44 330 1
44 559 1
44 579 1
44 15 1
44 54 2
44 258 1
44 462 1
44 367 2
44 315 1
44 453 2
44 88 1
44 30 1
44 577 1
44 10 2
44 1420 1
44 1332 2
44 433 2
44 1206 7
44 349 4
44 113 2
44 225 1
44 428 2
44 381 1
44 72 3
44 75 2
44 570 2
44 128 2
44 1079 1
44 858 1
44 1771 1
44 470 1
44 167 2
44 201 2
44 621 2
44 248 2
44 13 5
44 775 1
44 23 1
44 833 1
44 233 2
44 501 1
44 593 2
44 22 1
44 363 1
44 95 2
44 485 1
44 1353 1
44 1002 1
44 508 1
44 554 1
44 36 2
44 42 3
44 269 2
44 20 1
44 679 1
44 287 2
44 2309 2
44 1644 1
44 520 1
44 179 1
44 879 1
44 1665 2
44 985 1
44 889 1
44 1167 1
44 60 7
44 114 1
44 376 1
44 1693 1
44 1652 2
44 112 6
44 1349 1
44 451 1
44 2329 7
44 935 1
44 861 1
44 1239 1
44 466 1
44 76 1
44 213 1
44 816 1
44 63 2
44 11 4
44 40 3
44 764 1
44 301 1
44 506 2
44 236 2
44 308 1
44 592 7
44 1521 1
44 0 20
44 2418 1
44 24 1
44 1438 1
44 2333 1
44 622 1
44 543 1
44 1525 1
44 121 1
44 21 1
44 45 3
44 300 1
44 5 1
44 50 4
44 168 1
44 131 1
44 397 3
44 2198 1
44 915 2
44 17 2
44 124 1
44 524 1
44 94 1
44 774 2
44 1865 1
44 19 1
44 108 1
44 528 1
44 1857 4
44 1837 1
44 1603 7
44 1018 1
44 396 1
44 156 1
44 196 1
44 202 1
44 283 1
44 164 1
44 16 3
44 1 16
44 2191 1
44 1411 1
44 81 1
44 109 2
44 146 1
44 338 1
44 227 3
44 862 1
44 828 1
44 68 1
44 190 1
44 612 2
44 445 5
44 281 1
44 1219 1
44 211 1
44 351 1
44 988 2
44 125 1
44 872 1
44 278 1
44 32 1
44 62 4
44 427 1
44 6 1
44 25 4
44 1859 1
44 976 1
44 98 1
44 71 2
44 263 2
44 254 2
44 789 1
44 1816 1
44 555 1
44 9 6
44 224 1
44 1261 2
44 206 1
44 141 2
44 393 1
44 2356 1
44 418 5
44 475 1
44 1582 1
44 405 1
44 1625 2
44 257 3
44 1421 1
44 448 1
44 18 2
44 53 1
44 273 1
44 69 1
44 165 11
44 29 6
44 2037 1
44 402 2
44 127 1
44 27 1
44 882 1
44 39 3
44 613 1
44 420 1
44 277 1
44 1701 1
44 244 2
44 825 1
44 460 2
44 12 8
44 104 2
44 84 1
44 2 4
44 596 1
44 1155 1
44 8 7
44 590 4
44 33 1
44 195 1
45 31 1
45 126 2
45 205 2
45 70 4
45 1830 1
45 579 1
45 15 3
45 83 1
45 423 1
45 367 1
45 315 1
45 453 8
45 162 3
45 10 1
45 92 2
45 290 1
45 1809 3
45 113 3
45 57 1
45 225 1
45 14 4
45 100 2
45 310 1
45 66 2
45 1961 1
45 138 1
45 417 1
45 956 2
45 1602 7
45 1176 1
45 144 1
45 233 1
45 306 1
45 1973 3
45 36 2
45 20 9
45 2175 1
45 192 1
45 2437 5
45 73 1
45 102 1
45 1693 2
45 1349 2
45 451 1
45 578 2
45 1335 1
45 38 4
45 2073 2
45 11 2
45 909 1
45 308 1
45 187 1
45 0 2
45 24 1
45 2269 2
45 1439 1
45 1252 1
45 1264 1
45 121 2
45 5 1
45 996 1
45 1496 1
45 35 1
45 93 1
45 361 1
45 1061 1
45 131 8
45 1233 2
45 17 7
45 399 2
45 77 2
45 989 1
45 137 1
45 1207 1
45 2438 1
45 136 1
45 320 1
45 822 1
45 16 2
45 400 1
45 844 1
45 109 1
45 81 2
45 68 1
45 190 1
45 171 1
45 587 1
45 261 1
45 125 1
45 237 1
45 250 1
45 576 1
45 1136 2
45 169 1
45 695 2
45 1816 2
45 91 2
45 1678 4
45 224 1
45 47 1
45 711 2
45 364 2
45 2020 1
45 29 1
45 402 2
45 127 1
45 251 1
45 698 1
45 2357 2
45 104 1
45 1099 1
45 37 1
45 1410 3
45 590 1
45 33 7
46 126 2
46 31 7
46 89 1
46 70 1
46 205 2
46 101 1
46 1830 1
46 519 1
46 890 2
46 15 3
46 54 5
46 1019 1
46 2172 1
46 83 1
46 232 1
46 56 3
46 423 1
46 367 2
46 315 1
46 1145 1
46 88 4
46 1020 2
46 30 1
46 10 8
46 92 2
46 2202 1
46 113 2
46 929 1
46 683 1
46 210 4
46 152 1
46 14 8
46 526 1
46 72 1
46 100 1
46 66 1
46 138 2
46 197 1
46 128 5
46 388 2
46 319 1
46 1079 1
46 1863 1
46 2085 1
46 248 2
46 167 2
46 183 2
46 13 6
46 969 1
46 23 5
46 2051 1
46 123 3
46 1428 1
46 1358 1
46 2040 1
46 1134 2
46 753 3
46 22 3
46 1527 1
46 1067 1
46 1444 1
46 1377 1
46 1036 1
46 36 2
46 939 3
46 42 6
46 484 1
46 2104 1
46 390 1
46 620 1
46 1705 1
46 20 2
46 679 1
46 287 1
46 118 2
46 520 2
46 161 1
46 73 2
46 333 1
46 985 1
46 487 3
46 60 4
46 114 1
46 376 1
46 102 1
46 414 1
46 422 1
46 112 6
46 151 2
46 188 3
46 826 1
46 90 1
46 1893 1
46 86 1
46 213 1
46 96 3
46 11 1
46 40 2
46 51 2
46 301 2
46 228 1
46 404 1
46 236 3
46 692 1
46 502 2
46 308 1
46 592 1
46 187 1
46 67 1
46 314 1
46 874 1
46 0 18
46 505 1
46 115 3
46 415 1
46 143 1
46 1346 1
46 615 4
46 24 1
46 803 1
46 483 1
46 1035 2
46 304 1
46 1725 1
46 622 2
46 495 1
46 280 1
46 157 1
46 21 2
46 45 5
46 234 1
46 300 1
46 5 8
46 93 3
46 50 2
46 316 2
46 295 1
46 974 1
46 2101 1
46 170 1
46 891 1
46 954 1
46 915 1
46 17 1
46 43 1
46 1124 1
46 26 2
46 160 3
46 533 1
46 743 1
46 19 2
46 230 3
46 632 2
46 1010 1
46 150 1
46 147 1
46 696 1
46 980 1
46 286 1
46 77 1
46 440 1
46 474 3
46 2315 2
46 768 1
46 105 2
46 202 1
46 136 1
46 59 1
46 283 2
46 85 5
46 902 1
46 370 2
46 1247 1
46 164 1
46 1494 1
46 16 3
46 1 11
46 400 4
46 1230 1
46 109 6
46 332 1
46 227 1
46 1918 1
46 2094 1
46 1762 1
46 68 2
46 190 1
46 171 1
46 1789 1
46 1877 2
46 587 1
46 515 4
46 78 1
46 1419 1
46 1955 1
46 125 1
46 237 3
46 576 2
46 1103 1
46 650 3
46 2407 2
46 1287 1
46 1574 1
46 371 2
46 1306 1
46 32 2
46 62 4
46 6 5
46 25 2
46 886 1
46 79 1
46 456 1
46 1300 1
46 695 1
46 962 3
46 296 2
46 1228 1
46 1000 2
46 91 5
46 1274 2
46 231 2
46 9 4
46 1337 1
46 206 1
46 329 1
46 631 1
46 166 2
46 47 3
46 359 1
46 1093 1
46 2320 1
46 257 2
46 509 1
46 55 2
46 18 4
46 292 1
46 273 1
46 364 1
46 548 1
46 69 2
46 469 1
46 838 1
46 321 1
46 1175 1
46 29 1
46 251 2
46 27 3
46 2047 1
46 133 3
46 249 2
46 302 1
46 613 1
46 58 1
46 1366 2
46 129 1
46 490 2
46 12 10
46 2 13
46 331 1
46 596 2
46 8 6
46 33 1
46 2134 1
46 241 1
47 31 3
47 117 1
47 70 1
47 958 1
47 849 4
47 15 1
47 2105 1
47 54 4
47 258 1
47 721 2
47 30 5
47 10 4
47 92 1
47 1206 2
47 2449 5
47 674 2
47 1232 1
47 14 1
47 1327 1
47 72 2
47 100 1
47 310 1
47 66 1
47 128 5
47 326 3
47 167 4
47 2467 3
47 13 3
47 144 2
47 48 2
47 2051 1
47 180 1
47 2056 6
47 1358 2
47 800 1
47 22 3
47 2087 1
47 158 1
47 2489 2
47 1562 1
47 159 1
47 508 1
47 554 1
47 36 5
47 1841 3
47 620 2
47 20 1
47 553 1
47 1601 1
47 118 2
47 520 2
47 1331 1
47 243 5
47 161 1
47 779 1
47 879 3
47 2437 1
47 350 3
47 2065 1
47 73 2
47 245 1
47 998 1
47 2226 1
47 487 1
47 188 2
47 1528 1
47 1349 1
47 90 1
47 265 1
47 578 2
47 86 6
47 480 4
47 507 1
47 11 1
47 40 1
47 51 1
47 764 1
47 228 2
47 506 6
47 404 1
47 236 10
47 502 3
47 308 5
47 187 1
47 67 2
47 637 1
47 0 10
47 299 2
47 24 5
47 82 1
47 1470 1
47 2064 1
47 622 2
47 677 2
47 300 1
47 1050 1
47 5 10
47 35 1
47 93 5
47 361 1
47 567 1
47 316 2
47 704 4
47 397 1
47 1676 1
47 2205 1
47 524 1
47 2337 2
47 26 2
47 160 2
47 189 1
47 1832 2
47 297 2
47 94 2
47 19 3
47 242 1
47 2016 6
47 1668 4
47 286 1
47 77 1
47 1926 1
47 137 1
47 59 1
47 822 3
47 902 1
47 370 1
47 164 1
47 288 2
47 1 3
47 16 6
47 844 1
47 2191 1
47 185 2
47 109 5
47 2237 3
47 227 1
47 589 1
47 68 5
47 190 1
47 1296 3
47 223 1
47 186 1
47 222 1
47 281 1
47 973 3
47 261 18
47 1419 2
47 125 3
47 237 6
47 425 1
47 635 1
47 368 1
47 252 2
47 1132 2
47 208 1
47 1287 1
47 427 2
47 6 6
47 335 6
47 71 1
47 820 3
47 178 1
47 382 10
47 276 2
47 1000 1
47 1211 1
47 937 2
47 1337 1
47 1080 1
47 359 3
47 49 1
47 475 2
47 405 1
47 1625 1
47 948 1
47 172 1
47 55 4
47 2275 1
47 448 1
47 657 3
47 69 7
47 29 3
47 945 3
47 127 2
47 251 1
47 1004 1
47 27 1
47 309 1
47 249 1
47 58 1
47 2497 1
47 1069 5
47 2335 4
47 863 1
47 12 2
47 104 2
47 2 15
47 596 1
47 8 4
47 37 1
47 744 1
48 31 1
48 89 1
48 205 1
48 2423 1
48 56 5
48 1624 1
48 441 1
48 14 1
48 1572 2
48 417 1
48 183 1
48 13 2
48 347 1
48 893 1
48 384 1
48 158 1
48 2044 1
48 269 2
48 2032 1
48 20 2
48 239 1
48 921 2
48 341 1
48 901 1
48 861 1
48 38 1
48 96 1
48 1450 1
48 1553 1
48 1635 2
48 67 1
48 0 1
48 1640 1
48 737 1
48 45 1
48 1967 1
48 50 1
48 17 2
48 312 1
48 980 1
48 164 1
48 728 1
48 1 1
48 81 1
48 332 1
48 759 1
48 530 1
48 1955 1
48 32 1
48 6 2
48 98 1
48 1250 1
48 231 1
48 842 1
48 1619 1
48 141 1
48 166 1
48 47 1
48 1131 1
48 1568 2
48 289 1
48 1582 1
48 529 1
48 18 1
48 249 1
48 1037 1
48 1491 1
48 244 2
48 625 1
48 460 1
48 104 1
48 2367 2
48 33 2
49 330 1
49 83 1
49 56 1
49 88 2
49 1420 1
49 377 1
49 381 3
49 794 1
49 138 1
49 2085 1
49 1953 1
49 464 1
49 103 1
49 2040 1
49 753 1
49 42 1
49 939 1
49 192 1
49 118 2
49 243 1
49 73 1
49 998 1
49 114 1
49 376 1
49 1400 1
49 2188 1
49 40 1
49 11 1
49 667 1
49 301 1
49 502 1
49 1635 1
49 187 2
49 733 1
49 0 2
49 143 4
49 615 1
49 24 2
49 280 2
49 5 4
49 93 1
49 50 1
49 264 1
49 168 1
49 43 1
49 19 1
49 1160 1
49 286 1
49 260 1
49 59 2
49 723 1
49 85 3
49 16 3
49 1 1
49 109 1
49 1153 1
49 223 2
49 1282 2
49 351 1
49 125 1
49 368 2
49 995 1
49 32 2
49 62 2
49 427 1
49 6 4
49 25 7
49 789 1
49 107 1
49 91 1
49 1000 2
49 413 1
49 1510 1
49 47 1
49 836 2
49 711 1
49 1780 1
49 321 1
49 402 1
49 133 2
49 155 2
49 1764 1
49 58 2
49 129 1
49 1712 1
49 12 1
49 1561 1
49 2 1
49 8 1
